graph {
	"[[0 2 0 0]
 [0 0 0 0]
 [0 0 2 0]
 [0 0 0 0]]" -- "[[0 2 2 0]
 [0 0 0 0]
 [0 0 0 0]
 [0 2 0 0]]" [label=n]
	"[[0 2 2 0]
 [0 0 0 0]
 [0 0 0 0]
 [0 2 0 0]]" -- "[[0 4 2 0]
 [0 0 0 2]
 [0 0 0 0]
 [0 0 0 0]]" [label=n]
	"[[0 4 2 0]
 [0 0 0 2]
 [0 0 0 0]
 [0 0 0 0]]" -- "[[0 4 2 2]
 [0 0 0 0]
 [0 0 2 0]
 [0 0 0 0]]" [label=n]
	"[[0 4 2 2]
 [0 0 0 0]
 [0 0 2 0]
 [0 0 0 0]]" -- "[[4 4 0 0]
 [0 0 0 0]
 [2 0 0 0]
 [0 0 0 2]]" [label=w]
	"[[4 4 0 0]
 [0 0 0 0]
 [2 0 0 0]
 [0 0 0 2]]" -- "[[0 0 0 0]
 [2 0 0 0]
 [4 0 0 0]
 [2 4 0 2]]" [label=s]
	"[[0 0 0 0]
 [2 0 0 0]
 [4 0 0 0]
 [2 4 0 2]]" -- "[[2 4 0 2]
 [4 0 0 0]
 [2 0 4 0]
 [0 0 0 0]]" [label=n]
	"[[2 4 0 2]
 [4 0 0 0]
 [2 0 4 0]
 [0 0 0 0]]" -- "[[0 0 2 0]
 [2 0 0 0]
 [4 0 0 0]
 [2 4 4 2]]" [label=s]
	"[[0 0 2 0]
 [2 0 0 0]
 [4 0 0 0]
 [2 4 4 2]]" -- "[[2 4 2 2]
 [4 0 4 0]
 [2 0 0 2]
 [0 0 0 0]]" [label=n]
	"[[2 4 2 2]
 [4 0 4 0]
 [2 0 0 2]
 [0 0 0 0]]" -- "[[0 0 0 0]
 [2 0 0 0]
 [4 0 2 2]
 [2 4 4 4]]" [label=s]
	"[[0 0 0 0]
 [2 0 0 0]
 [4 0 2 2]
 [2 4 4 4]]" -- "[[0 0 0 0]
 [0 0 0 2]
 [2 0 4 4]
 [0 2 4 8]]" [label=e]
	"[[0 0 0 0]
 [0 0 0 2]
 [2 0 4 4]
 [0 2 4 8]]" -- "[[0 0 0 0]
 [2 0 0 2]
 [0 0 2 8]
 [0 2 4 8]]" [label=e]
	"[[0 0 0 0]
 [2 0 0 2]
 [0 0 2 8]
 [0 2 4 8]]" -- "[[ 2  2  2  2]
 [ 0  0  4 16]
 [ 2  0  0  0]
 [ 0  0  0  0]]" [label=n]
	"[[ 2  2  2  2]
 [ 0  0  4 16]
 [ 2  0  0  0]
 [ 0  0  0  0]]" -- "[[ 0  0  0  0]
 [ 0  2  0  0]
 [ 0  0  2  2]
 [ 4  2  4 16]]" [label=s]
	"[[ 0  0  0  0]
 [ 0  2  0  0]
 [ 0  0  2  2]
 [ 4  2  4 16]]" -- "[[ 0  0  0  0]
 [ 0  2  0  0]
 [ 0  0  2  2]
 [ 4  4  4 16]]" [label=s]
	"[[ 0  0  0  0]
 [ 0  2  0  0]
 [ 0  0  2  2]
 [ 4  4  4 16]]" -- "[[ 0  0  0  0]
 [ 0  0  0  2]
 [ 2  0  0  4]
 [ 0  4  8 16]]" [label=e]
	"[[ 0  0  0  0]
 [ 0  0  0  2]
 [ 2  0  0  4]
 [ 0  4  8 16]]" -- "[[ 2  4  8  2]
 [ 0  0  0  4]
 [ 0  0  0 16]
 [ 0  2  0  0]]" [label=n]
	"[[ 2  4  8  2]
 [ 0  0  0  4]
 [ 0  0  0 16]
 [ 0  2  0  0]]" -- "[[ 2  4  8  2]
 [ 4  0  4  0]
 [16  0  0  0]
 [ 2  0  0  0]]" [label=w]
	"[[ 2  4  8  2]
 [ 4  0  4  0]
 [16  0  0  0]
 [ 2  0  0  0]]" -- "[[ 2  4  8  2]
 [ 8  0  0  0]
 [16  0  0  0]
 [ 2  0  2  0]]" [label=w]
	"[[ 2  4  8  2]
 [ 8  0  0  0]
 [16  0  0  0]
 [ 2  0  2  0]]" -- "[[ 2  4  8  2]
 [ 8  0  2  0]
 [16  0  0  0]
 [ 2  2  0  0]]" [label=n]
	"[[ 2  4  8  2]
 [ 8  0  2  0]
 [16  0  0  0]
 [ 2  2  0  0]]" -- "[[ 2  0  0  0]
 [ 8  0  0  2]
 [16  4  8  0]
 [ 2  2  2  2]]" [label=s]
	"[[ 2  0  0  0]
 [ 8  0  0  2]
 [16  4  8  0]
 [ 2  2  2  2]]" -- "[[ 2  2  0  0]
 [ 8  0  0  0]
 [16  4  8  0]
 [ 2  2  2  4]]" [label=s]
	"[[ 2  2  0  0]
 [ 8  0  0  0]
 [16  4  8  0]
 [ 2  2  2  4]]" -- "[[ 2  0  0  4]
 [ 0  0  0  8]
 [ 0 16  4  8]
 [ 0  2  4  4]]" [label=e]
	"[[ 2  0  0  4]
 [ 0  0  0  8]
 [ 0 16  4  8]
 [ 0  2  4  4]]" -- "[[ 0  0  2  4]
 [ 2  0  0  8]
 [ 0 16  4  8]
 [ 0  0  2  8]]" [label=e]
	"[[ 0  0  2  4]
 [ 2  0  0  8]
 [ 0 16  4  8]
 [ 0  0  2  8]]" -- "[[ 0  2  2  4]
 [ 0  0  2  8]
 [ 0 16  4  8]
 [ 0  0  2  8]]" [label=e]
	"[[ 0  2  2  4]
 [ 0  0  2  8]
 [ 0 16  4  8]
 [ 0  0  2  8]]" -- "[[ 0  0  4  4]
 [ 0  0  2  8]
 [ 0 16  4  8]
 [ 0  2  2  8]]" [label=e]
	"[[ 0  0  4  4]
 [ 0  0  2  8]
 [ 0 16  4  8]
 [ 0  2  2  8]]" -- "[[ 0 16  4  4]
 [ 0  2  2 16]
 [ 0  0  4  8]
 [ 2  0  2  0]]" [label=n]
	"[[ 0 16  4  4]
 [ 0  2  2 16]
 [ 0  0  4  8]
 [ 2  0  2  0]]" -- "[[ 0  0  4  2]
 [ 0  0  2  4]
 [ 0 16  4 16]
 [ 2  2  2  8]]" [label=s]
	"[[ 0  0  4  2]
 [ 0  0  2  4]
 [ 0 16  4 16]
 [ 2  2  2  8]]" -- "[[ 0  0  4  2]
 [ 0  0  2  4]
 [ 0 16  4 16]
 [ 2  2  4  8]]" [label=e]
	"[[ 0  0  4  2]
 [ 0  0  2  4]
 [ 0 16  4 16]
 [ 2  2  4  8]]" -- "[[ 2 16  4  2]
 [ 0  2  2  4]
 [ 0  2  8 16]
 [ 0  0  0  8]]" [label=n]
	"[[ 2 16  4  2]
 [ 0  2  2  4]
 [ 0  2  8 16]
 [ 0  0  0  8]]" -- "[[ 0  0  2  2]
 [ 0  0  4  4]
 [ 0 16  2 16]
 [ 2  4  8  8]]" [label=s]
	"[[ 0  0  2  2]
 [ 0  0  4  4]
 [ 0 16  2 16]
 [ 2  4  8  8]]" -- "[[ 0  0  0  4]
 [ 0  2  0  8]
 [ 0 16  2 16]
 [ 0  2  4 16]]" [label=e]
	"[[ 0  0  0  4]
 [ 0  2  0  8]
 [ 0 16  2 16]
 [ 0  2  4 16]]" -- "[[ 4  4  0  0]
 [ 2  8  0  0]
 [16  2 16  0]
 [ 2  4 16  0]]" [label=w]
	"[[ 4  4  0  0]
 [ 2  8  0  0]
 [16  2 16  0]
 [ 2  4 16  0]]" -- "[[ 2  0  0  8]
 [ 0  0  2  8]
 [ 0 16  2 16]
 [ 0  2  4 16]]" [label=e]
	"[[ 2  0  0  8]
 [ 0  0  2  8]
 [ 0 16  2 16]
 [ 0  2  4 16]]" -- "[[ 2  8  0  0]
 [ 2  8  2  0]
 [16  2 16  0]
 [ 2  4 16  0]]" [label=w]
	"[[ 2  8  0  0]
 [ 2  8  2  0]
 [16  2 16  0]
 [ 2  4 16  0]]" -- "[[ 4 16  2  0]
 [16  2 32  0]
 [ 2  4  0  2]
 [ 0  0  0  0]]" [label=n]
	"[[ 4 16  2  0]
 [16  2 32  0]
 [ 2  4  0  2]
 [ 0  0  0  0]]" -- "[[ 4 16  2  2]
 [16  2 32  0]
 [ 2  4  2  0]
 [ 0  0  0  0]]" [label=w]
	"[[ 4 16  2  2]
 [16  2 32  0]
 [ 2  4  2  0]
 [ 0  0  0  0]]" -- "[[ 4 16  4  0]
 [16  2 32  0]
 [ 2  4  2  2]
 [ 0  0  0  0]]" [label=w]
	"[[ 4 16  4  0]
 [16  2 32  0]
 [ 2  4  2  2]
 [ 0  0  0  0]]" -- "[[ 4 16  4  2]
 [16  2 32  0]
 [ 2  4  2  2]
 [ 0  0  0  0]]" [label=n]
	"[[ 4 16  4  2]
 [16  2 32  0]
 [ 2  4  2  2]
 [ 0  0  0  0]]" -- "[[ 4 16  4  2]
 [16  2 32  0]
 [ 2  4  4  0]
 [ 0  0  2  0]]" [label=w]
	"[[ 4 16  4  2]
 [16  2 32  0]
 [ 2  4  4  0]
 [ 0  0  2  0]]" -- "[[ 0  2  4  0]
 [ 4 16 32  0]
 [16  2  4  0]
 [ 2  4  2  2]]" [label=s]
	"[[ 0  2  4  0]
 [ 4 16 32  0]
 [16  2  4  0]
 [ 2  4  2  2]]" -- "[[ 4  2  4  2]
 [16 16 32  2]
 [ 2  2  4  0]
 [ 0  4  2  0]]" [label=n]
	"[[ 4  2  4  2]
 [16 16 32  2]
 [ 2  2  4  0]
 [ 0  4  2  0]]" -- "[[ 4  2  4  2]
 [32 32  2  0]
 [ 4  4  0  0]
 [ 4  2  4  0]]" [label=w]
	"[[ 4  2  4  2]
 [32 32  2  0]
 [ 4  4  0  0]
 [ 4  2  4  0]]" -- "[[ 0  2  0  4]
 [ 4 32  4  0]
 [32  4  2  0]
 [ 8  2  4  2]]" [label=s]
	"[[ 0  2  0  4]
 [ 4 32  4  0]
 [32  4  2  0]
 [ 8  2  4  2]]" -- "[[ 4  2  4  4]
 [32 32  2  2]
 [ 8  4  4  0]
 [ 0  2  0  2]]" [label=n]
	"[[ 4  2  4  4]
 [32 32  2  2]
 [ 8  4  4  0]
 [ 0  2  0  2]]" -- "[[ 0  4  2  8]
 [ 0  2 64  4]
 [ 0  0  8  8]
 [ 0  0  0  4]]" [label=e]
	"[[ 0  4  2  8]
 [ 0  2 64  4]
 [ 0  0  8  8]
 [ 0  0  0  4]]" -- "[[ 0  0  0  8]
 [ 0  0  2  4]
 [ 0  4 64  8]
 [ 2  2  8  4]]" [label=s]
	"[[ 0  0  0  8]
 [ 0  0  2  4]
 [ 0  4 64  8]
 [ 2  2  8  4]]" -- "[[ 0  0  0  8]
 [ 0  2  2  4]
 [ 0  4 64  8]
 [ 0  4  8  4]]" [label=e]
	"[[ 0  0  0  8]
 [ 0  2  2  4]
 [ 0  4 64  8]
 [ 0  4  8  4]]" -- "[[ 8  0  4  0]
 [ 4  4  0  0]
 [ 4 64  8  0]
 [ 4  8  4  0]]" [label=w]
	"[[ 8  0  4  0]
 [ 4  4  0  0]
 [ 4 64  8  0]
 [ 4  8  4  0]]" -- "[[ 0  0  0  2]
 [ 8  4  4  0]
 [ 4 64  8  0]
 [ 8  8  4  0]]" [label=s]
	"[[ 0  0  0  2]
 [ 8  4  4  0]
 [ 4 64  8  0]
 [ 8  8  4  0]]" -- "[[ 2  0  0  2]
 [ 0  0  8  8]
 [ 0  4 64  8]
 [ 0  0 16  4]]" [label=e]
	"[[ 2  0  0  2]
 [ 0  0  8  8]
 [ 0  4 64  8]
 [ 0  0 16  4]]" -- "[[ 0  0  0  4]
 [ 0  0  0 16]
 [ 0  4 64  8]
 [ 0  2 16  4]]" [label=e]
	"[[ 0  0  0  4]
 [ 0  0  0 16]
 [ 0  4 64  8]
 [ 0  2 16  4]]" -- "[[ 0  4 64  4]
 [ 0  2 16 16]
 [ 0  0  0  8]
 [ 2  0  0  4]]" [label=n]
	"[[ 0  4 64  4]
 [ 0  2 16 16]
 [ 0  0  0  8]
 [ 2  0  0  4]]" -- "[[ 0  0  0  4]
 [ 0  0  2 16]
 [ 0  4 64  8]
 [ 2  2 16  4]]" [label=s]
	"[[ 0  0  0  4]
 [ 0  0  2 16]
 [ 0  4 64  8]
 [ 2  2 16  4]]" -- "[[ 0  0  0  4]
 [ 0  0  2 16]
 [ 2  4 64  8]
 [ 0  4 16  4]]" [label=e]
	"[[ 0  0  0  4]
 [ 0  0  2 16]
 [ 2  4 64  8]
 [ 0  4 16  4]]" -- "[[ 0  0  0  4]
 [ 0  2  2 16]
 [ 0  0 64  8]
 [ 2  8 16  4]]" [label=s]
	"[[ 0  0  0  4]
 [ 0  2  2 16]
 [ 0  0 64  8]
 [ 2  8 16  4]]" -- "[[ 0  2  0  4]
 [ 0  0  4 16]
 [ 0  0 64  8]
 [ 2  8 16  4]]" [label=e]
	"[[ 0  2  0  4]
 [ 0  0  4 16]
 [ 0  0 64  8]
 [ 2  8 16  4]]" -- "[[ 0  0  0  4]
 [ 0  2  4 16]
 [ 0  2 64  8]
 [ 2  8 16  4]]" [label=s]
	"[[ 0  0  0  4]
 [ 0  2  4 16]
 [ 0  2 64  8]
 [ 2  8 16  4]]" -- "[[ 4  0  0  0]
 [ 2  4 16  2]
 [ 2 64  8  0]
 [ 2  8 16  4]]" [label=w]
	"[[ 4  0  0  0]
 [ 2  4 16  2]
 [ 2 64  8  0]
 [ 2  8 16  4]]" -- "[[ 2  0  0  4]
 [ 2  4 16  2]
 [ 0  2 64  8]
 [ 2  8 16  4]]" [label=e]
	"[[ 2  0  0  4]
 [ 2  4 16  2]
 [ 0  2 64  8]
 [ 2  8 16  4]]" -- "[[ 2  0  2  4]
 [ 2  4 16  2]
 [ 0  2 64  8]
 [ 2  8 16  4]]" [label=e]
	"[[ 2  0  2  4]
 [ 2  4 16  2]
 [ 0  2 64  8]
 [ 2  8 16  4]]" -- "[[ 2  0  2  4]
 [ 0  4 16  2]
 [ 2  2 64  8]
 [ 4  8 16  4]]" [label=s]
	"[[ 2  0  2  4]
 [ 0  4 16  2]
 [ 2  2 64  8]
 [ 4  8 16  4]]" -- "[[ 4  4  0  0]
 [ 4 16  2  0]
 [ 4 64  8  4]
 [ 4  8 16  4]]" [label=w]
	"[[ 4  4  0  0]
 [ 4 16  2  0]
 [ 4 64  8  4]
 [ 4  8 16  4]]" -- "[[ 0  0  2  8]
 [ 0  4 16  2]
 [ 4 64  8  4]
 [ 4  8 16  4]]" [label=e]
	"[[ 0  0  2  8]
 [ 0  4 16  2]
 [ 4 64  8  4]
 [ 4  8 16  4]]" -- "[[ 2  8  0  0]
 [ 4 16  2  2]
 [ 4 64  8  4]
 [ 4  8 16  4]]" [label=w]
	"[[ 2  8  0  0]
 [ 4 16  2  2]
 [ 4 64  8  4]
 [ 4  8 16  4]]" -- "[[ 2  0  2  8]
 [ 0  4 16  4]
 [ 4 64  8  4]
 [ 4  8 16  4]]" [label=e]
	"[[ 2  0  2  8]
 [ 0  4 16  4]
 [ 4 64  8  4]
 [ 4  8 16  4]]" -- "[[ 2  0  4  8]
 [ 0  4 16  4]
 [ 4 64  8  4]
 [ 4  8 16  4]]" [label=e]
	"[[ 2  0  4  8]
 [ 0  4 16  4]
 [ 4 64  8  4]
 [ 4  8 16  4]]" -- "[[ 2  4  4  8]
 [ 8 64 16  8]
 [ 0  8  8  4]
 [ 0  0 16  4]]" [label=n]
	"[[ 2  4  4  8]
 [ 8 64 16  8]
 [ 0  8  8  4]
 [ 0  0 16  4]]" -- "[[ 0  2  4  0]
 [ 0  4 16  0]
 [ 2 64  8 16]
 [ 8  8 16  8]]" [label=s]
	"[[ 0  2  4  0]
 [ 0  4 16  0]
 [ 2 64  8 16]
 [ 8  8 16  8]]" -- "[[ 2  4  0  0]
 [ 4 16  2  0]
 [ 2 64  8 16]
 [16 16  8  0]]" [label=w]
	"[[ 2  4  0  0]
 [ 4 16  2  0]
 [ 2 64  8 16]
 [16 16  8  0]]" -- "[[ 2  4  2 16]
 [ 4 16 16  0]
 [ 2 64  0  0]
 [16 16  0  2]]" [label=n]
	"[[ 2  4  2 16]
 [ 4 16 16  0]
 [ 2 64  0  0]
 [16 16  0  2]]" -- "[[ 2  4  2  0]
 [ 4 16  0  0]
 [ 2 64  2 16]
 [16 16 16  2]]" [label=s]
	"[[ 2  4  2  0]
 [ 4 16  0  0]
 [ 2 64  2 16]
 [16 16 16  2]]" -- "[[ 2  4  4 16]
 [ 4 16 16  2]
 [ 2 64  4  0]
 [16 16  0  0]]" [label=n]
	"[[ 2  4  4 16]
 [ 4 16 16  2]
 [ 2 64  4  0]
 [16 16  0  0]]" -- "[[ 2  4  0  0]
 [ 4 16  4  2]
 [ 2 64 16 16]
 [16 16  4  2]]" [label=s]
	"[[ 2  4  0  0]
 [ 4 16  4  2]
 [ 2 64 16 16]
 [16 16  4  2]]" -- "[[ 2  4  4  2]
 [ 4 16 16 16]
 [ 2 64  4  2]
 [16 16  0  2]]" [label=n]
	"[[ 2  4  4  2]
 [ 4 16 16 16]
 [ 2 64  4  2]
 [16 16  0  2]]" -- "[[ 2  4  4  2]
 [ 4 16 16 16]
 [ 2 64  4  4]
 [16 16  2  0]]" [label=n]
	"[[ 2  4  4  2]
 [ 4 16 16 16]
 [ 2 64  4  4]
 [16 16  2  0]]" -- "[[ 0  2  8  2]
 [ 0  4 16 32]
 [ 0  2 64  8]
 [ 0  2 32  2]]" [label=e]
	"[[ 0  2  8  2]
 [ 0  4 16 32]
 [ 0  2 64  8]
 [ 0  2 32  2]]" -- "[[ 2  8  2  0]
 [ 4 16 32  0]
 [ 2 64  8  0]
 [ 2 32  2  2]]" [label=w]
	"[[ 2  8  2  0]
 [ 4 16 32  0]
 [ 2 64  8  0]
 [ 2 32  2  2]]" -- "[[ 2  8  2  0]
 [ 2 16 32  0]
 [ 4 64  8  0]
 [ 4 32  2  2]]" [label=s]
	"[[ 2  8  2  0]
 [ 2 16 32  0]
 [ 4 64  8  0]
 [ 4 32  2  2]]" -- "[[ 2  8  2  2]
 [ 2 16 32  0]
 [ 4 64  8  0]
 [ 4 32  4  0]]" [label=w]
	"[[ 2  8  2  2]
 [ 2 16 32  0]
 [ 4 64  8  0]
 [ 4 32  4  0]]" -- "[[ 4  8  2  2]
 [ 8 16 32  0]
 [ 2 64  8  0]
 [ 0 32  4  0]]" [label=n]
	"[[ 4  8  2  2]
 [ 8 16 32  0]
 [ 2 64  8  0]
 [ 0 32  4  0]]" -- "[[ 4  8  4  0]
 [ 8 16 32  2]
 [ 2 64  8  0]
 [32  4  0  0]]" [label=w]
	"[[ 4  8  4  0]
 [ 8 16 32  2]
 [ 2 64  8  0]
 [32  4  0  0]]" -- "[[ 4  8  0  2]
 [ 8 16  4  0]
 [ 2 64 32  0]
 [32  4  8  2]]" [label=s]
	"[[ 4  8  0  2]
 [ 8 16  4  0]
 [ 2 64 32  0]
 [32  4  8  2]]" -- "[[ 4  8  2  0]
 [ 8 16  4  2]
 [ 2 64 32  0]
 [32  4  8  2]]" [label=w]
	"[[ 4  8  2  0]
 [ 8 16  4  2]
 [ 2 64 32  0]
 [32  4  8  2]]" -- "[[ 2  4  8  2]
 [ 8 16  4  2]
 [ 0  2 64 32]
 [32  4  8  2]]" [label=e]
	"[[ 2  4  8  2]
 [ 8 16  4  2]
 [ 0  2 64 32]
 [32  4  8  2]]" -- "[[ 2  4  8  4]
 [ 8 16  4 32]
 [32  2 64  2]
 [ 2  4  8  0]]" [label=n]
	"[[ 2  4  8  4]
 [ 8 16  4 32]
 [32  2 64  2]
 [ 2  4  8  0]]" -- "[[ 2  4  8  4]
 [ 8 16  4  4]
 [32  2 64 32]
 [ 2  4  8  2]]" [label=s]
	"[[0 2 0 0]
 [0 0 0 0]
 [0 0 2 0]
 [0 0 0 0]]" -- "[[0 0 0 2]
 [0 0 0 0]
 [0 0 0 0]
 [0 2 2 0]]" [label=s]
	"[[0 2 0 0]
 [0 0 0 0]
 [0 0 2 0]
 [0 0 0 0]]" -- "[[0 0 0 2]
 [0 0 2 0]
 [0 0 0 2]
 [0 0 0 0]]" [label=e]
	"[[0 2 0 0]
 [0 0 0 0]
 [0 0 2 0]
 [0 0 0 0]]" -- "[[2 0 0 0]
 [2 0 0 0]
 [2 0 0 0]
 [0 0 0 0]]" [label=w]
	"[[0 2 2 0]
 [0 0 0 0]
 [0 0 0 0]
 [0 2 0 0]]" -- "[[2 0 0 0]
 [0 0 0 0]
 [0 0 0 0]
 [0 4 2 0]]" [label=s]
	"[[0 2 2 0]
 [0 0 0 0]
 [0 0 0 0]
 [0 2 0 0]]" -- "[[0 0 0 4]
 [2 0 0 0]
 [0 0 0 0]
 [0 0 0 2]]" [label=e]
	"[[0 2 2 0]
 [0 0 0 0]
 [0 0 0 0]
 [0 2 0 0]]" -- "[[4 0 0 0]
 [0 0 0 0]
 [0 0 2 0]
 [2 0 0 0]]" [label=w]
	"[[0 4 2 0]
 [0 0 0 2]
 [0 0 0 0]
 [0 0 0 0]]" -- "[[2 0 0 0]
 [0 0 0 0]
 [0 0 0 0]
 [0 4 2 2]]" [label=s]
	"[[0 4 2 0]
 [0 0 0 2]
 [0 0 0 0]
 [0 0 0 0]]" -- "[[0 0 4 2]
 [2 0 0 2]
 [0 0 0 0]
 [0 0 0 0]]" [label=e]
	"[[0 4 2 0]
 [0 0 0 2]
 [0 0 0 0]
 [0 0 0 0]]" -- "[[4 2 0 0]
 [2 0 0 2]
 [0 0 0 0]
 [0 0 0 0]]" [label=w]
	"[[0 4 2 2]
 [0 0 0 0]
 [0 0 2 0]
 [0 0 0 0]]" -- "[[0 4 4 2]
 [4 0 0 0]
 [0 0 0 0]
 [0 0 0 0]]" [label=n]
	"[[0 4 2 2]
 [0 0 0 0]
 [0 0 2 0]
 [0 0 0 0]]" -- "[[0 0 0 0]
 [2 0 0 0]
 [0 0 0 0]
 [0 4 4 2]]" [label=s]
	"[[0 4 2 2]
 [0 0 0 0]
 [0 0 2 0]
 [0 0 0 0]]" -- "[[0 0 4 4]
 [0 2 0 0]
 [0 0 0 2]
 [0 0 0 0]]" [label=e]
	"[[4 4 0 0]
 [0 0 0 0]
 [2 0 0 0]
 [0 0 0 2]]" -- "[[4 4 0 2]
 [2 0 0 0]
 [4 0 0 0]
 [0 0 0 0]]" [label=n]
	"[[4 4 0 0]
 [0 0 0 0]
 [2 0 0 0]
 [0 0 0 2]]" -- "[[0 0 0 8]
 [0 2 0 0]
 [0 0 0 2]
 [0 0 0 2]]" [label=e]
	"[[4 4 0 0]
 [0 0 0 0]
 [2 0 0 0]
 [0 0 0 2]]" -- "[[8 0 0 0]
 [0 0 0 2]
 [2 0 0 0]
 [2 0 0 0]]" [label=w]
	"[[0 0 0 0]
 [2 0 0 0]
 [4 0 0 0]
 [2 4 0 2]]" -- "[[0 0 0 0]
 [0 0 0 2]
 [0 2 0 4]
 [0 2 4 2]]" [label=e]
	"[[0 0 0 0]
 [2 0 0 0]
 [4 0 0 0]
 [2 4 0 2]]" -- "[[0 2 0 0]
 [2 0 0 0]
 [4 0 0 0]
 [2 4 2 0]]" [label=w]
	"[[2 4 0 2]
 [4 0 0 0]
 [2 0 4 0]
 [0 0 0 0]]" -- "[[2 4 4 2]
 [4 0 0 0]
 [2 0 0 0]
 [2 0 0 0]]" [label=n]
	"[[2 4 0 2]
 [4 0 0 0]
 [2 0 4 0]
 [0 0 0 0]]" -- "[[0 2 4 2]
 [0 2 0 4]
 [0 0 2 4]
 [0 0 0 0]]" [label=e]
	"[[2 4 0 2]
 [4 0 0 0]
 [2 0 4 0]
 [0 0 0 0]]" -- "[[2 4 2 0]
 [4 0 0 0]
 [2 4 2 0]
 [0 0 0 0]]" [label=w]
	"[[0 0 2 0]
 [2 0 0 0]
 [4 0 0 0]
 [2 4 4 2]]" -- "[[0 0 0 2]
 [2 0 0 0]
 [4 0 2 0]
 [2 4 4 2]]" [label=s]
	"[[0 0 2 0]
 [2 0 0 0]
 [4 0 0 0]
 [2 4 4 2]]" -- "[[0 0 0 2]
 [0 0 0 2]
 [0 0 0 4]
 [2 2 8 2]]" [label=e]
	"[[0 0 2 0]
 [2 0 0 0]
 [4 0 0 0]
 [2 4 4 2]]" -- "[[2 0 2 0]
 [2 0 0 0]
 [4 0 0 0]
 [2 8 2 0]]" [label=w]
	"[[2 4 2 2]
 [4 0 4 0]
 [2 0 0 2]
 [0 0 0 0]]" -- "[[2 4 2 4]
 [4 0 4 0]
 [2 0 0 0]
 [0 0 0 2]]" [label=n]
	"[[2 4 2 2]
 [4 0 4 0]
 [2 0 0 2]
 [0 0 0 0]]" -- "[[0 2 4 4]
 [0 0 0 8]
 [0 0 0 4]
 [0 0 2 0]]" [label=e]
	"[[2 4 2 2]
 [4 0 4 0]
 [2 0 0 2]
 [0 0 0 0]]" -- "[[2 4 4 0]
 [8 0 0 0]
 [4 0 0 2]
 [0 0 0 0]]" [label=w]
	"[[0 0 0 0]
 [2 0 0 0]
 [4 0 2 2]
 [2 4 4 4]]" -- "[[2 4 2 2]
 [4 0 4 4]
 [2 0 0 0]
 [0 0 0 2]]" [label=n]
	"[[0 0 0 0]
 [2 0 0 0]
 [4 0 2 2]
 [2 4 4 4]]" -- "[[0 0 0 0]
 [2 0 2 0]
 [4 4 0 0]
 [2 8 4 0]]" [label=w]
	"[[0 0 0 0]
 [0 0 0 2]
 [2 0 4 4]
 [0 2 4 8]]" -- "[[2 2 8 2]
 [0 0 0 4]
 [0 0 0 8]
 [0 0 0 4]]" [label=n]
	"[[0 0 0 0]
 [0 0 0 2]
 [2 0 4 4]
 [0 2 4 8]]" -- "[[0 2 0 0]
 [0 0 0 2]
 [0 0 0 4]
 [2 2 8 8]]" [label=s]
	"[[0 0 0 0]
 [0 0 0 2]
 [2 0 4 4]
 [0 2 4 8]]" -- "[[0 0 2 0]
 [2 0 0 0]
 [2 8 0 0]
 [2 4 8 0]]" [label=w]
	"[[0 0 0 0]
 [2 0 0 2]
 [0 0 2 8]
 [0 2 4 8]]" -- "[[ 0  0  0  2]
 [ 0  0  0  0]
 [ 0  0  2  2]
 [ 2  2  4 16]]" [label=s]
	"[[0 0 0 0]
 [2 0 0 2]
 [0 0 2 8]
 [0 2 4 8]]" -- "[[0 2 0 0]
 [0 0 0 4]
 [0 0 2 8]
 [0 2 4 8]]" [label=e]
	"[[0 0 0 0]
 [2 0 0 2]
 [0 0 2 8]
 [0 2 4 8]]" -- "[[0 0 0 0]
 [4 0 0 0]
 [2 8 0 4]
 [2 4 8 0]]" [label=w]
	"[[ 2  2  2  2]
 [ 0  0  4 16]
 [ 2  0  0  0]
 [ 0  0  0  0]]" -- "[[ 4  2  2  2]
 [ 0  0  4 16]
 [ 2  0  0  0]
 [ 0  0  0  0]]" [label=n]
	"[[ 2  2  2  2]
 [ 0  0  4 16]
 [ 2  0  0  0]
 [ 0  0  0  0]]" -- "[[ 0  0  4  4]
 [ 2  0  4 16]
 [ 0  0  0  2]
 [ 0  0  0  0]]" [label=e]
	"[[ 2  2  2  2]
 [ 0  0  4 16]
 [ 2  0  0  0]
 [ 0  0  0  0]]" -- "[[ 4  4  0  0]
 [ 4 16  0  2]
 [ 2  0  0  0]
 [ 0  0  0  0]]" [label=w]
	"[[ 0  0  0  0]
 [ 0  2  0  0]
 [ 0  0  2  2]
 [ 4  2  4 16]]" -- "[[ 4  4  2  2]
 [ 0  0  4 16]
 [ 0  0  2  0]
 [ 0  0  0  0]]" [label=n]
	"[[ 0  0  0  0]
 [ 0  2  0  0]
 [ 0  0  2  2]
 [ 4  2  4 16]]" -- "[[ 0  2  0  0]
 [ 0  0  0  2]
 [ 0  0  0  4]
 [ 4  2  4 16]]" [label=e]
	"[[ 0  0  0  0]
 [ 0  2  0  0]
 [ 0  0  2  2]
 [ 4  2  4 16]]" -- "[[ 0  0  0  0]
 [ 2  0  0  0]
 [ 4  0  0  2]
 [ 4  2  4 16]]" [label=w]
	"[[ 0  0  0  0]
 [ 0  2  0  0]
 [ 0  0  2  2]
 [ 4  4  4 16]]" -- "[[ 4  2  2  2]
 [ 0  4  4 16]
 [ 0  0  0  0]
 [ 0  0  0  2]]" [label=n]
	"[[ 0  0  0  0]
 [ 0  2  0  0]
 [ 0  0  2  2]
 [ 4  4  4 16]]" -- "[[ 0  0  0  2]
 [ 0  0  0  0]
 [ 0  2  2  2]
 [ 4  4  4 16]]" [label=s]
	"[[ 0  0  0  0]
 [ 0  2  0  0]
 [ 0  0  2  2]
 [ 4  4  4 16]]" -- "[[ 0  0  0  0]
 [ 2  2  0  0]
 [ 4  0  0  0]
 [ 8  4 16  0]]" [label=w]
	"[[ 0  0  0  0]
 [ 0  0  0  2]
 [ 2  0  0  4]
 [ 0  4  8 16]]" -- "[[ 0  0  0  0]
 [ 4  0  0  2]
 [ 0  0  0  4]
 [ 2  4  8 16]]" [label=s]
	"[[ 0  0  0  0]
 [ 0  0  0  2]
 [ 2  0  0  4]
 [ 0  4  8 16]]" -- "[[ 0  0  0  0]
 [ 0  0  0  2]
 [ 0  0  2  4]
 [ 2  4  8 16]]" [label=e]
	"[[ 0  0  0  0]
 [ 0  0  0  2]
 [ 2  0  0  4]
 [ 0  4  8 16]]" -- "[[ 0  0  0  0]
 [ 2  0  0  4]
 [ 2  4  0  0]
 [ 4  8 16  0]]" [label=w]
	"[[ 2  4  8  2]
 [ 0  0  0  4]
 [ 0  0  0 16]
 [ 0  2  0  0]]" -- "[[ 2  4  8  2]
 [ 4  2  0  4]
 [ 0  0  0 16]
 [ 0  0  0  0]]" [label=n]
	"[[ 2  4  8  2]
 [ 0  0  0  4]
 [ 0  0  0 16]
 [ 0  2  0  0]]" -- "[[ 0  0  0  0]
 [ 0  0  2  2]
 [ 0  4  0  4]
 [ 2  2  8 16]]" [label=s]
	"[[ 2  4  8  2]
 [ 0  0  0  4]
 [ 0  0  0 16]
 [ 0  2  0  0]]" -- "[[ 2  4  8  2]
 [ 0  0  0  4]
 [ 0  0  0 16]
 [ 0  0  2  2]]" [label=e]
	"[[ 2  4  8  2]
 [ 4  0  4  0]
 [16  0  0  0]
 [ 2  0  0  0]]" -- "[[ 2  0  0  0]
 [ 4  4  0  0]
 [16  0  8  0]
 [ 2  4  4  2]]" [label=s]
	"[[ 2  4  8  2]
 [ 4  0  4  0]
 [16  0  0  0]
 [ 2  0  0  0]]" -- "[[ 2  4  8  2]
 [ 0  0  0  8]
 [ 0  0  0 16]
 [ 0  2  0  2]]" [label=e]
	"[[ 2  4  8  2]
 [ 8  0  0  0]
 [16  0  0  0]
 [ 2  0  2  0]]" -- "[[ 2  0  0  0]
 [ 8  0  0  0]
 [16  2  8  0]
 [ 2  4  2  2]]" [label=s]
	"[[ 2  4  8  2]
 [ 8  0  0  0]
 [16  0  0  0]
 [ 2  0  2  0]]" -- "[[ 2  4  8  2]
 [ 2  0  0  8]
 [ 0  0  0 16]
 [ 0  0  0  4]]" [label=e]
	"[[ 2  4  8  2]
 [ 8  0  0  0]
 [16  0  0  0]
 [ 2  0  2  0]]" -- "[[ 2  4  8  2]
 [ 8  0  0  0]
 [16  0  0  0]
 [ 4  2  0  0]]" [label=w]
	"[[ 2  4  8  2]
 [ 8  0  2  0]
 [16  0  0  0]
 [ 2  2  0  0]]" -- "[[ 2  4  8  2]
 [ 8  2  2  0]
 [16  0  0  0]
 [ 2  2  0  0]]" [label=n]
	"[[ 2  4  8  2]
 [ 8  0  2  0]
 [16  0  0  0]
 [ 2  2  0  0]]" -- "[[ 2  4  8  2]
 [ 0  0  8  2]
 [ 0  0  0 16]
 [ 0  2  0  4]]" [label=e]
	"[[ 2  4  8  2]
 [ 8  0  2  0]
 [16  0  0  0]
 [ 2  2  0  0]]" -- "[[ 2  4  8  2]
 [ 8  2  0  0]
 [16  0  0  0]
 [ 4  0  0  2]]" [label=w]
	"[[ 2  0  0  0]
 [ 8  0  0  2]
 [16  4  8  0]
 [ 2  2  2  2]]" -- "[[ 2  4  8  4]
 [ 8  2  2  0]
 [16  0  0  0]
 [ 2  0  2  0]]" [label=n]
	"[[ 2  0  0  0]
 [ 8  0  0  2]
 [16  4  8  0]
 [ 2  2  2  2]]" -- "[[ 0  2  0  2]
 [ 0  0  8  2]
 [ 0 16  4  8]
 [ 0  0  4  4]]" [label=e]
	"[[ 2  0  0  0]
 [ 8  0  0  2]
 [16  4  8  0]
 [ 2  2  2  2]]" -- "[[ 2  0  0  0]
 [ 8  2  0  0]
 [16  4  8  0]
 [ 4  4  0  2]]" [label=w]
	"[[ 2  2  0  0]
 [ 8  0  0  0]
 [16  4  8  0]
 [ 2  2  2  4]]" -- "[[ 2  2  8  4]
 [ 8  4  2  0]
 [16  2  0  0]
 [ 2  2  0  0]]" [label=n]
	"[[ 2  2  0  0]
 [ 8  0  0  0]
 [16  4  8  0]
 [ 2  2  2  4]]" -- "[[ 2  2  0  0]
 [ 8  2  0  0]
 [16  4  8  0]
 [ 2  2  2  4]]" [label=s]
	"[[ 2  2  0  0]
 [ 8  0  0  0]
 [16  4  8  0]
 [ 2  2  2  4]]" -- "[[ 4  0  2  0]
 [ 8  0  0  0]
 [16  4  8  0]
 [ 4  2  4  0]]" [label=w]
	"[[ 2  0  0  4]
 [ 0  0  0  8]
 [ 0 16  4  8]
 [ 0  2  4  4]]" -- "[[ 2 16  8  4]
 [ 0  2  0 16]
 [ 0  0  0  4]
 [ 2  0  0  0]]" [label=n]
	"[[ 2  0  0  4]
 [ 0  0  0  8]
 [ 0 16  4  8]
 [ 0  2  4  4]]" -- "[[ 0  0  0  0]
 [ 0  0  0  4]
 [ 2 16  0 16]
 [ 2  2  8  4]]" [label=s]
	"[[ 2  0  0  4]
 [ 0  0  0  8]
 [ 0 16  4  8]
 [ 0  2  4  4]]" -- "[[ 2  4  0  0]
 [ 8  0  0  0]
 [16  4  8  2]
 [ 2  8  0  0]]" [label=w]
	"[[ 0  0  2  4]
 [ 2  0  0  8]
 [ 0 16  4  8]
 [ 0  0  2  8]]" -- "[[ 2 16  2  4]
 [ 0  0  4 16]
 [ 0  2  2  8]
 [ 0  0  0  0]]" [label=n]
	"[[ 0  0  2  4]
 [ 2  0  0  8]
 [ 0 16  4  8]
 [ 0  0  2  8]]" -- "[[ 0  0  0  2]
 [ 0  0  2  4]
 [ 0  0  4  8]
 [ 2 16  2 16]]" [label=s]
	"[[ 0  0  2  4]
 [ 2  0  0  8]
 [ 0 16  4  8]
 [ 0  0  2  8]]" -- "[[ 2  4  2  0]
 [ 2  8  0  0]
 [16  4  8  0]
 [ 2  8  0  0]]" [label=w]
	"[[ 0  2  2  4]
 [ 0  0  2  8]
 [ 0 16  4  8]
 [ 0  0  2  8]]" -- "[[ 2  2  4  4]
 [ 0 16  4 16]
 [ 0  0  2  8]
 [ 0  0  0  0]]" [label=n]
	"[[ 0  2  2  4]
 [ 0  0  2  8]
 [ 0 16  4  8]
 [ 0  0  2  8]]" -- "[[ 0  0  4  0]
 [ 0  0  4  4]
 [ 0  2  4  8]
 [ 0 16  2 16]]" [label=s]
	"[[ 0  2  2  4]
 [ 0  0  2  8]
 [ 0 16  4  8]
 [ 0  0  2  8]]" -- "[[ 4  4  0  0]
 [ 2  8  0  0]
 [16  4  8  0]
 [ 2  8  2  0]]" [label=w]
	"[[ 0  0  4  4]
 [ 0  0  2  8]
 [ 0 16  4  8]
 [ 0  2  2  8]]" -- "[[ 0  0  4  0]
 [ 0  0  2  4]
 [ 2 16  4  8]
 [ 0  2  2 16]]" [label=s]
	"[[ 0  0  4  4]
 [ 0  0  2  8]
 [ 0 16  4  8]
 [ 0  2  2  8]]" -- "[[ 0  0  2  8]
 [ 0  0  2  8]
 [ 0 16  4  8]
 [ 0  0  4  8]]" [label=e]
	"[[ 0  0  4  4]
 [ 0  0  2  8]
 [ 0 16  4  8]
 [ 0  2  2  8]]" -- "[[ 8  0  0  0]
 [ 2  8  0  0]
 [16  4  8  0]
 [ 4  8  0  2]]" [label=w]
	"[[ 0 16  4  4]
 [ 0  2  2 16]
 [ 0  0  4  8]
 [ 2  0  2  0]]" -- "[[ 2 16  4  4]
 [ 2  2  2 16]
 [ 0  0  4  8]
 [ 0  0  2  0]]" [label=n]
	"[[ 0 16  4  4]
 [ 0  2  2 16]
 [ 0  0  4  8]
 [ 2  0  2  0]]" -- "[[ 0  0 16  8]
 [ 0  0  4 16]
 [ 0  0  4  8]
 [ 0  0  2  4]]" [label=e]
	"[[ 0 16  4  4]
 [ 0  2  2 16]
 [ 0  0  4  8]
 [ 2  0  2  0]]" -- "[[16  8  0  0]
 [ 4 16  0  0]
 [ 4  8  0  0]
 [ 4  0  0  2]]" [label=w]
	"[[ 0  0  4  2]
 [ 0  0  2  4]
 [ 0 16  4 16]
 [ 2  2  2  8]]" -- "[[ 2 16  4  2]
 [ 0  2  2  4]
 [ 0  0  4 16]
 [ 0  4  2  8]]" [label=n]
	"[[ 0  0  4  2]
 [ 0  0  2  4]
 [ 0 16  4 16]
 [ 2  2  2  8]]" -- "[[ 4  2  0  0]
 [ 2  4  2  0]
 [16  4 16  0]
 [ 4  2  8  0]]" [label=w]
	"[[ 0  0  4  2]
 [ 0  0  2  4]
 [ 0 16  4 16]
 [ 2  2  4  8]]" -- "[[ 0  2  0  2]
 [ 0  0  4  4]
 [ 0 16  2 16]
 [ 2  2  8  8]]" [label=s]
	"[[ 0  0  4  2]
 [ 0  0  2  4]
 [ 0 16  4 16]
 [ 2  2  4  8]]" -- "[[ 2  0  4  2]
 [ 0  0  2  4]
 [ 0 16  4 16]
 [ 0  4  4  8]]" [label=e]
	"[[ 0  0  4  2]
 [ 0  0  2  4]
 [ 0 16  4 16]
 [ 2  2  4  8]]" -- "[[ 4  2  0  0]
 [ 2  4  0  0]
 [16  4 16  0]
 [ 4  4  8  2]]" [label=w]
	"[[ 2 16  4  2]
 [ 0  2  2  4]
 [ 0  2  8 16]
 [ 0  0  0  8]]" -- "[[ 2 16  4  2]
 [ 2  4  2  4]
 [ 0  0  8 16]
 [ 0  0  0  8]]" [label=n]
	"[[ 2 16  4  2]
 [ 0  2  2  4]
 [ 0  2  8 16]
 [ 0  0  0  8]]" -- "[[ 2 16  4  2]
 [ 0  0  4  4]
 [ 0  2  8 16]
 [ 0  0  2  8]]" [label=e]
	"[[ 2 16  4  2]
 [ 0  2  2  4]
 [ 0  2  8 16]
 [ 0  0  0  8]]" -- "[[ 2 16  4  2]
 [ 4  4  0  0]
 [ 2  8 16  0]
 [ 8  0  2  0]]" [label=w]
	"[[ 0  0  2  2]
 [ 0  0  4  4]
 [ 0 16  2 16]
 [ 2  4  8  8]]" -- "[[ 2 16  2  2]
 [ 2  4  4  4]
 [ 0  0  2 16]
 [ 0  0  8  8]]" [label=n]
	"[[ 0  0  2  2]
 [ 0  0  4  4]
 [ 0 16  2 16]
 [ 2  4  8  8]]" -- "[[ 4  0  0  0]
 [ 8  0  0  2]
 [16  2 16  0]
 [ 2  4 16  0]]" [label=w]
	"[[ 0  0  0  4]
 [ 0  2  0  8]
 [ 0 16  2 16]
 [ 0  2  4 16]]" -- "[[ 0  2  2  4]
 [ 0 16  4  8]
 [ 0  2  0 32]
 [ 0  0  2  0]]" [label=n]
	"[[ 0  0  0  4]
 [ 0  2  0  8]
 [ 0 16  2 16]
 [ 0  2  4 16]]" -- "[[ 2  0  0  0]
 [ 0  2  0  4]
 [ 0 16  2  8]
 [ 0  2  4 32]]" [label=s]
	"[[ 0  0  0  4]
 [ 0  2  0  8]
 [ 0 16  2 16]
 [ 0  2  4 16]]" -- "[[ 0  0  0  4]
 [ 2  0  2  8]
 [ 0 16  2 16]
 [ 0  2  4 16]]" [label=e]
	"[[ 4  4  0  0]
 [ 2  8  0  0]
 [16  2 16  0]
 [ 2  4 16  0]]" -- "[[ 4  4 32  0]
 [ 2  8  0  2]
 [16  2  0  0]
 [ 2  4  0  0]]" [label=n]
	"[[ 4  4  0  0]
 [ 2  8  0  0]
 [16  2 16  0]
 [ 2  4 16  0]]" -- "[[ 4  4  0  0]
 [ 2  8  0  0]
 [16  2  0  2]
 [ 2  4 32  0]]" [label=s]
	"[[ 4  4  0  0]
 [ 2  8  0  0]
 [16  2 16  0]
 [ 2  4 16  0]]" -- "[[ 8  0  0  0]
 [ 2  8  0  0]
 [16  2 16  2]
 [ 2  4 16  0]]" [label=w]
	"[[ 2  0  0  8]
 [ 0  0  2  8]
 [ 0 16  2 16]
 [ 0  2  4 16]]" -- "[[ 2 16  4 16]
 [ 0  2  4 32]
 [ 0  0  2  0]
 [ 0  0  0  0]]" [label=n]
	"[[ 2  0  0  8]
 [ 0  0  2  8]
 [ 0 16  2 16]
 [ 0  2  4 16]]" -- "[[ 0  0  2  0]
 [ 0  0  0  0]
 [ 0 16  4 16]
 [ 2  2  4 32]]" [label=s]
	"[[ 2  0  0  8]
 [ 0  0  2  8]
 [ 0 16  2 16]
 [ 0  2  4 16]]" -- "[[ 0  0  2  8]
 [ 0  2  2  8]
 [ 0 16  2 16]
 [ 0  2  4 16]]" [label=e]
	"[[ 2  8  0  0]
 [ 2  8  2  0]
 [16  2 16  0]
 [ 2  4 16  0]]" -- "[[ 0  0  0  0]
 [ 4 16  2  0]
 [16  2  2  0]
 [ 2  4 32  0]]" [label=s]
	"[[ 2  8  0  0]
 [ 2  8  2  0]
 [16  2 16  0]
 [ 2  4 16  0]]" -- "[[ 0  0  2  8]
 [ 0  2  8  2]
 [ 2 16  2 16]
 [ 0  2  4 16]]" [label=e]
	"[[ 4 16  2  0]
 [16  2 32  0]
 [ 2  4  0  2]
 [ 0  0  0  0]]" -- "[[ 4 16  2  2]
 [16  2 32  0]
 [ 2  4  0  0]
 [ 0  0  2  0]]" [label=n]
	"[[ 4 16  2  0]
 [16  2 32  0]
 [ 2  4  0  2]
 [ 0  0  0  0]]" -- "[[ 0  0  2  0]
 [ 4 16  0  0]
 [16  2  2  0]
 [ 2  4 32  2]]" [label=s]
	"[[ 4 16  2  0]
 [16  2 32  0]
 [ 2  4  0  2]
 [ 0  0  0  0]]" -- "[[ 0  4 16  2]
 [ 0 16  2 32]
 [ 0  2  4  2]
 [ 0  2  0  0]]" [label=e]
	"[[ 4 16  2  2]
 [16  2 32  0]
 [ 2  4  2  0]
 [ 0  0  0  0]]" -- "[[ 2  0  0  0]
 [ 4 16  2  0]
 [16  2 32  0]
 [ 2  4  2  2]]" [label=s]
	"[[ 4 16  2  2]
 [16  2 32  0]
 [ 2  4  2  0]
 [ 0  0  0  0]]" -- "[[ 0  4 16  4]
 [ 2 16  2 32]
 [ 0  2  4  2]
 [ 0  0  0  0]]" [label=e]
	"[[ 4 16  4  0]
 [16  2 32  0]
 [ 2  4  2  2]
 [ 0  0  0  0]]" -- "[[ 0  2  0  0]
 [ 4 16  4  0]
 [16  2 32  0]
 [ 2  4  2  2]]" [label=s]
	"[[ 4 16  4  0]
 [16  2 32  0]
 [ 2  4  2  2]
 [ 0  0  0  0]]" -- "[[ 0  4 16  4]
 [ 0 16  2 32]
 [ 0  2  4  4]
 [ 2  0  0  0]]" [label=e]
	"[[ 4 16  4  0]
 [16  2 32  0]
 [ 2  4  2  2]
 [ 0  0  0  0]]" -- "[[ 4 16  4  0]
 [16  2 32  0]
 [ 2  4  4  0]
 [ 0  2  0  0]]" [label=w]
	"[[ 4 16  4  2]
 [16  2 32  0]
 [ 2  4  2  2]
 [ 0  0  0  0]]" -- "[[ 4 16  4  4]
 [16  2 32  2]
 [ 2  4  2  0]
 [ 0  0  0  0]]" [label=n]
	"[[ 4 16  4  2]
 [16  2 32  0]
 [ 2  4  2  2]
 [ 0  0  0  0]]" -- "[[ 0  0  0  0]
 [ 4 16  4  0]
 [16  2 32  2]
 [ 2  4  2  4]]" [label=s]
	"[[ 4 16  4  2]
 [16  2 32  0]
 [ 2  4  2  2]
 [ 0  0  0  0]]" -- "[[ 4 16  4  2]
 [ 0 16  2 32]
 [ 0  2  4  4]
 [ 0  2  0  0]]" [label=e]
	"[[ 4 16  4  2]
 [16  2 32  0]
 [ 2  4  4  0]
 [ 0  0  2  0]]" -- "[[ 4 16  4  2]
 [ 0 16  2 32]
 [ 0  0  2  8]
 [ 0  0  2  2]]" [label=e]
	"[[ 4 16  4  2]
 [16  2 32  0]
 [ 2  4  4  0]
 [ 0  0  2  0]]" -- "[[ 4 16  4  2]
 [16  2 32  4]
 [ 2  8  0  0]
 [ 2  0  0  0]]" [label=w]
	"[[ 0  2  4  0]
 [ 4 16 32  0]
 [16  2  4  0]
 [ 2  4  2  2]]" -- "[[ 0  0  2  4]
 [ 0  4 16 32]
 [ 2 16  2  4]
 [ 0  2  4  4]]" [label=e]
	"[[ 0  2  4  0]
 [ 4 16 32  0]
 [16  2  4  0]
 [ 2  4  2  2]]" -- "[[ 2  4  0  0]
 [ 4 16 32  2]
 [16  2  4  0]
 [ 2  4  4  0]]" [label=w]
	"[[ 4  2  4  2]
 [16 16 32  2]
 [ 2  2  4  0]
 [ 0  4  2  0]]" -- "[[ 4  2  4  4]
 [16 16 32  0]
 [ 2  2  4  0]
 [ 0  4  2  2]]" [label=n]
	"[[ 4  2  4  2]
 [16 16 32  2]
 [ 2  2  4  0]
 [ 0  4  2  0]]" -- "[[ 0  2  4  0]
 [ 4 16 32  0]
 [16  2  4  4]
 [ 2  4  2  4]]" [label=s]
	"[[ 4  2  4  2]
 [16 16 32  2]
 [ 2  2  4  0]
 [ 0  4  2  0]]" -- "[[ 4  2  4  2]
 [ 0 32 32  2]
 [ 2  0  4  4]
 [ 0  0  4  2]]" [label=e]
	"[[ 4  2  4  2]
 [32 32  2  0]
 [ 4  4  0  0]
 [ 4  2  4  0]]" -- "[[ 4  2  4  2]
 [32 32  2  2]
 [ 8  4  4  0]
 [ 0  2  0  0]]" [label=n]
	"[[ 4  2  4  2]
 [32 32  2  0]
 [ 4  4  0  0]
 [ 4  2  4  0]]" -- "[[ 4  2  4  2]
 [ 0  0 64  2]
 [ 0  0  2  8]
 [ 0  4  2  4]]" [label=e]
	"[[ 4  2  4  2]
 [32 32  2  0]
 [ 4  4  0  0]
 [ 4  2  4  0]]" -- "[[ 4  2  4  2]
 [64  2  0  0]
 [ 8  0  4  0]
 [ 4  2  4  0]]" [label=w]
	"[[ 0  2  0  4]
 [ 4 32  4  0]
 [32  4  2  0]
 [ 8  2  4  2]]" -- "[[ 0  2  0  2]
 [ 4 32  4  0]
 [32  4  2  4]
 [ 8  2  4  2]]" [label=s]
	"[[ 0  2  0  4]
 [ 4 32  4  0]
 [32  4  2  0]
 [ 8  2  4  2]]" -- "[[ 0  0  2  4]
 [ 0  4 32  4]
 [ 2 32  4  2]
 [ 8  2  4  2]]" [label=e]
	"[[ 0  2  0  4]
 [ 4 32  4  0]
 [32  4  2  0]
 [ 8  2  4  2]]" -- "[[ 2  4  0  0]
 [ 4 32  4  0]
 [32  4  2  2]
 [ 8  2  4  2]]" [label=w]
	"[[ 4  2  4  4]
 [32 32  2  2]
 [ 8  4  4  0]
 [ 0  2  0  2]]" -- "[[ 4  2  4  4]
 [32 32  2  4]
 [ 8  4  4  0]
 [ 2  2  0  0]]" [label=n]
	"[[ 4  2  4  4]
 [32 32  2  2]
 [ 8  4  4  0]
 [ 0  2  0  2]]" -- "[[ 2  2  0  0]
 [ 4 32  4  0]
 [32  4  2  4]
 [ 8  2  4  4]]" [label=s]
	"[[ 4  2  4  4]
 [32 32  2  2]
 [ 8  4  4  0]
 [ 0  2  0  2]]" -- "[[ 4  2  8  0]
 [64  4  0  0]
 [ 8  8  0  0]
 [ 4  2  0  0]]" [label=w]
	"[[ 0  4  2  8]
 [ 0  2 64  4]
 [ 0  0  8  8]
 [ 0  0  0  4]]" -- "[[ 0  4  2  8]
 [ 0  2 64  4]
 [ 0  0  0 16]
 [ 0  2  0  4]]" [label=e]
	"[[ 0  4  2  8]
 [ 0  2 64  4]
 [ 0  0  8  8]
 [ 0  0  0  4]]" -- "[[ 4  2  8  0]
 [ 2 64  4  0]
 [16  0  0  0]
 [ 4  0  4  0]]" [label=w]
	"[[ 0  0  0  8]
 [ 0  0  2  4]
 [ 0  4 64  8]
 [ 2  2  8  4]]" -- "[[ 2  4  2  8]
 [ 0  2 64  4]
 [ 0  2  8  8]
 [ 0  0  0  4]]" [label=n]
	"[[ 0  0  0  8]
 [ 0  0  2  4]
 [ 0  4 64  8]
 [ 2  2  8  4]]" -- "[[ 8  0  0  0]
 [ 2  4  2  0]
 [ 4 64  8  0]
 [ 4  8  4  0]]" [label=w]
	"[[ 0  0  0  8]
 [ 0  2  2  4]
 [ 0  4 64  8]
 [ 0  4  8  4]]" -- "[[ 0  2  2  8]
 [ 0  8 64  4]
 [ 0  0  8  8]
 [ 2  0  0  4]]" [label=n]
	"[[ 0  0  0  8]
 [ 0  2  2  4]
 [ 0  4 64  8]
 [ 0  4  8  4]]" -- "[[ 0  0  2  8]
 [ 0  0  2  4]
 [ 0  2 64  8]
 [ 0  8  8  4]]" [label=s]
	"[[ 0  0  0  8]
 [ 0  2  2  4]
 [ 0  4 64  8]
 [ 0  4  8  4]]" -- "[[ 0  0  0  8]
 [ 4  0  4  4]
 [ 0  4 64  8]
 [ 0  4  8  4]]" [label=e]
	"[[ 8  0  4  0]
 [ 4  4  0  0]
 [ 4 64  8  0]
 [ 4  8  4  0]]" -- "[[ 8  4  4  0]
 [ 8 64  8  0]
 [ 4  8  4  0]
 [ 0  0  0  2]]" [label=n]
	"[[ 8  0  4  0]
 [ 4  4  0  0]
 [ 4 64  8  0]
 [ 4  8  4  0]]" -- "[[ 0  0  8  4]
 [ 0  2  0  8]
 [ 0  4 64  8]
 [ 0  4  8  4]]" [label=e]
	"[[ 8  0  4  0]
 [ 4  4  0  0]
 [ 4 64  8  0]
 [ 4  8  4  0]]" -- "[[ 8  4  0  2]
 [ 8  0  0  0]
 [ 4 64  8  0]
 [ 4  8  4  0]]" [label=w]
	"[[ 0  0  0  2]
 [ 8  4  4  0]
 [ 4 64  8  0]
 [ 8  8  4  0]]" -- "[[ 8  4  4  2]
 [ 4 64  8  0]
 [ 8  8  4  0]
 [ 0  0  2  0]]" [label=n]
	"[[ 0  0  0  2]
 [ 8  4  4  0]
 [ 4 64  8  0]
 [ 8  8  4  0]]" -- "[[ 2  0  0  0]
 [ 8  4  4  0]
 [ 4 64  8  0]
 [ 8  8  4  2]]" [label=s]
	"[[ 0  0  0  2]
 [ 8  4  4  0]
 [ 4 64  8  0]
 [ 8  8  4  0]]" -- "[[ 2  2  0  0]
 [ 8  8  0  0]
 [ 4 64  8  0]
 [16  4  0  0]]" [label=w]
	"[[ 2  0  0  2]
 [ 0  0  8  8]
 [ 0  4 64  8]
 [ 0  0 16  4]]" -- "[[ 2  4  8  2]
 [ 2  0 64 16]
 [ 0  0 16  4]
 [ 0  0  0  0]]" [label=n]
	"[[ 2  0  0  2]
 [ 0  0  8  8]
 [ 0  4 64  8]
 [ 0  0 16  4]]" -- "[[ 0  0  0  0]
 [ 0  0  8  2]
 [ 0  2 64 16]
 [ 2  4 16  4]]" [label=s]
	"[[ 2  0  0  2]
 [ 0  0  8  8]
 [ 0  4 64  8]
 [ 0  0 16  4]]" -- "[[ 4  0  0  0]
 [16  0  2  0]
 [ 4 64  8  0]
 [16  4  0  0]]" [label=w]
	"[[ 0  0  0  4]
 [ 0  0  0 16]
 [ 0  4 64  8]
 [ 0  2 16  4]]" -- "[[ 4  0  0  0]
 [16  0  0  0]
 [ 4 64  8  0]
 [ 2 16  4  2]]" [label=w]
	"[[ 0  4 64  4]
 [ 0  2 16 16]
 [ 0  0  0  8]
 [ 2  0  0  4]]" -- "[[ 2  4 64  4]
 [ 0  2 16 16]
 [ 0  0  0  8]
 [ 2  0  0  4]]" [label=n]
	"[[ 0  4 64  4]
 [ 0  2 16 16]
 [ 0  0  0  8]
 [ 2  0  0  4]]" -- "[[ 0  4 64  4]
 [ 0  0  2 32]
 [ 0  0  2  8]
 [ 0  0  2  4]]" [label=e]
	"[[ 0  4 64  4]
 [ 0  2 16 16]
 [ 0  0  0  8]
 [ 2  0  0  4]]" -- "[[ 4 64  4  0]
 [ 2 32  0  0]
 [ 8  0  2  0]
 [ 2  4  0  0]]" [label=w]
	"[[ 0  0  0  4]
 [ 0  0  2 16]
 [ 0  4 64  8]
 [ 2  2 16  4]]" -- "[[ 2  4  2  4]
 [ 0  2 64 16]
 [ 0  0 16  8]
 [ 0  0  2  4]]" [label=n]
	"[[ 0  0  0  4]
 [ 0  0  2 16]
 [ 0  4 64  8]
 [ 2  2 16  4]]" -- "[[ 4  0  0  0]
 [ 2 16  0  0]
 [ 4 64  8  2]
 [ 4 16  4  0]]" [label=w]
	"[[ 0  0  0  4]
 [ 0  0  2 16]
 [ 2  4 64  8]
 [ 0  4 16  4]]" -- "[[ 2  8  2  4]
 [ 0  0 64 16]
 [ 2  0 16  8]
 [ 0  0  0  4]]" [label=n]
	"[[ 0  0  0  4]
 [ 0  0  2 16]
 [ 2  4 64  8]
 [ 0  4 16  4]]" -- "[[ 4  0  2  0]
 [ 2 16  0  0]
 [ 2  4 64  8]
 [ 4 16  4  0]]" [label=w]
	"[[ 0  0  0  4]
 [ 0  2  2 16]
 [ 0  0 64  8]
 [ 2  8 16  4]]" -- "[[ 2  2  2  4]
 [ 0  8 64 16]
 [ 2  0 16  8]
 [ 0  0  0  4]]" [label=n]
	"[[ 0  0  0  4]
 [ 0  2  2 16]
 [ 0  0 64  8]
 [ 2  8 16  4]]" -- "[[ 0  2  0  4]
 [ 0  0  2 16]
 [ 0  2 64  8]
 [ 2  8 16  4]]" [label=s]
	"[[ 0  0  0  4]
 [ 0  2  2 16]
 [ 0  0 64  8]
 [ 2  8 16  4]]" -- "[[ 4  0  0  2]
 [ 4 16  0  0]
 [64  8  0  0]
 [ 2  8 16  4]]" [label=w]
	"[[ 0  2  0  4]
 [ 0  0  4 16]
 [ 0  0 64  8]
 [ 2  8 16  4]]" -- "[[ 2  2  4  4]
 [ 2  8 64 16]
 [ 0  0 16  8]
 [ 0  0  0  4]]" [label=n]
	"[[ 0  2  0  4]
 [ 0  0  4 16]
 [ 0  0 64  8]
 [ 2  8 16  4]]" -- "[[ 0  0  2  4]
 [ 0  0  4 16]
 [ 0  2 64  8]
 [ 2  8 16  4]]" [label=e]
	"[[ 0  2  0  4]
 [ 0  0  4 16]
 [ 0  0 64  8]
 [ 2  8 16  4]]" -- "[[ 2  4  2  0]
 [ 4 16  0  0]
 [64  8  0  0]
 [ 2  8 16  4]]" [label=w]
	"[[ 0  0  0  4]
 [ 0  2  4 16]
 [ 0  2 64  8]
 [ 2  8 16  4]]" -- "[[ 2  4  4  4]
 [ 0  8 64 16]
 [ 0  0 16  8]
 [ 0  2  0  4]]" [label=n]
	"[[ 0  0  0  4]
 [ 0  2  4 16]
 [ 0  2 64  8]
 [ 2  8 16  4]]" -- "[[ 0  0  0  4]
 [ 0  0  4 16]
 [ 2  4 64  8]
 [ 2  8 16  4]]" [label=s]
	"[[ 4  0  0  0]
 [ 2  4 16  2]
 [ 2 64  8  0]
 [ 2  8 16  4]]" -- "[[ 4  4 16  2]
 [ 4 64  8  4]
 [ 2  8 16  0]
 [ 2  0  0  0]]" [label=n]
	"[[ 4  0  0  0]
 [ 2  4 16  2]
 [ 2 64  8  0]
 [ 2  8 16  4]]" -- "[[ 0  0  2  0]
 [ 4  4 16  0]
 [ 2 64  8  2]
 [ 4  8 16  4]]" [label=s]
	"[[ 2  0  0  4]
 [ 2  4 16  2]
 [ 0  2 64  8]
 [ 2  8 16  4]]" -- "[[ 4  4 16  4]
 [ 2  2 64  2]
 [ 0  8 16  8]
 [ 0  2  0  4]]" [label=n]
	"[[ 2  0  0  4]
 [ 2  4 16  2]
 [ 0  2 64  8]
 [ 2  8 16  4]]" -- "[[ 0  2  0  4]
 [ 0  4 16  2]
 [ 2  2 64  8]
 [ 4  8 16  4]]" [label=s]
	"[[ 2  0  0  4]
 [ 2  4 16  2]
 [ 0  2 64  8]
 [ 2  8 16  4]]" -- "[[ 2  4  0  0]
 [ 2  4 16  2]
 [ 2 64  8  2]
 [ 2  8 16  4]]" [label=w]
	"[[ 2  0  2  4]
 [ 2  4 16  2]
 [ 0  2 64  8]
 [ 2  8 16  4]]" -- "[[ 4  4  2  4]
 [ 2  2 16  2]
 [ 0  8 64  8]
 [ 2  0 16  4]]" [label=n]
	"[[ 2  0  2  4]
 [ 2  4 16  2]
 [ 0  2 64  8]
 [ 2  8 16  4]]" -- "[[ 0  2  4  4]
 [ 2  4 16  2]
 [ 0  2 64  8]
 [ 2  8 16  4]]" [label=e]
	"[[ 2  0  2  4]
 [ 2  4 16  2]
 [ 0  2 64  8]
 [ 2  8 16  4]]" -- "[[ 4  4  0  2]
 [ 2  4 16  2]
 [ 2 64  8  0]
 [ 2  8 16  4]]" [label=w]
	"[[ 2  0  2  4]
 [ 0  4 16  2]
 [ 2  2 64  8]
 [ 4  8 16  4]]" -- "[[ 4  4  2  4]
 [ 4  2 16  2]
 [ 0  8 64  8]
 [ 2  0 16  4]]" [label=n]
	"[[ 2  0  2  4]
 [ 0  4 16  2]
 [ 2  2 64  8]
 [ 4  8 16  4]]" -- "[[ 0  0  2  4]
 [ 2  4 16  2]
 [ 4  2 64  8]
 [ 4  8 16  4]]" [label=s]
	"[[ 2  0  2  4]
 [ 0  4 16  2]
 [ 2  2 64  8]
 [ 4  8 16  4]]" -- "[[ 0  4  4  4]
 [ 0  4 16  2]
 [ 0  4 64  8]
 [ 4  8 16  4]]" [label=e]
	"[[ 4  4  0  0]
 [ 4 16  2  0]
 [ 4 64  8  4]
 [ 4  8 16  4]]" -- "[[ 8  4  2  8]
 [ 8 16  8  0]
 [ 0 64 16  0]
 [ 0  8  0  2]]" [label=n]
	"[[ 4  4  0  0]
 [ 4 16  2  0]
 [ 4 64  8  4]
 [ 4  8 16  4]]" -- "[[ 2  4  0  0]
 [ 0 16  2  0]
 [ 8 64  8  0]
 [ 8  8 16  8]]" [label=s]
	"[[ 4  4  0  0]
 [ 4 16  2  0]
 [ 4 64  8  4]
 [ 4  8 16  4]]" -- "[[ 8  2  0  0]
 [ 4 16  2  0]
 [ 4 64  8  4]
 [ 4  8 16  4]]" [label=w]
	"[[ 0  0  2  8]
 [ 0  4 16  2]
 [ 4 64  8  4]
 [ 4  8 16  4]]" -- "[[ 8  4  2  8]
 [ 0 64 16  2]
 [ 0  8  8  8]
 [ 0  2 16  0]]" [label=n]
	"[[ 0  0  2  8]
 [ 0  4 16  2]
 [ 4 64  8  4]
 [ 4  8 16  4]]" -- "[[ 0  0  2  2]
 [ 0  4 16  8]
 [ 0 64  8  2]
 [ 8  8 16  8]]" [label=s]
	"[[ 2  8  0  0]
 [ 4 16  2  2]
 [ 4 64  8  4]
 [ 4  8 16  4]]" -- "[[ 2  8  2  2]
 [ 8 16  8  8]
 [ 4 64 16  0]
 [ 2  8  0  0]]" [label=n]
	"[[ 2  8  0  0]
 [ 4 16  2  2]
 [ 4 64  8  4]
 [ 4  8 16  4]]" -- "[[ 0  8  4  0]
 [ 2 16  2  0]
 [ 4 64  8  2]
 [ 8  8 16  8]]" [label=s]
	"[[ 2  8  0  0]
 [ 4 16  2  2]
 [ 4 64  8  4]
 [ 4  8 16  4]]" -- "[[ 2  8  0  0]
 [ 4 16  4  2]
 [ 4 64  8  4]
 [ 4  8 16  4]]" [label=w]
	"[[ 2  0  2  8]
 [ 0  4 16  4]
 [ 4 64  8  4]
 [ 4  8 16  4]]" -- "[[ 2  4  2  8]
 [ 8 64 16  8]
 [ 0  8  8  4]
 [ 0  0 16  2]]" [label=n]
	"[[ 2  0  2  8]
 [ 0  4 16  4]
 [ 4 64  8  4]
 [ 4  8 16  4]]" -- "[[ 2  0  2  0]
 [ 0  4 16  8]
 [ 2 64  8  4]
 [ 8  8 16  8]]" [label=s]
	"[[ 2  0  2  8]
 [ 0  4 16  4]
 [ 4 64  8  4]
 [ 4  8 16  4]]" -- "[[ 4  8  0  2]
 [ 4 16  4  0]
 [ 4 64  8  4]
 [ 4  8 16  4]]" [label=w]
	"[[ 2  0  4  8]
 [ 0  4 16  4]
 [ 4 64  8  4]
 [ 4  8 16  4]]" -- "[[ 2  0  4  0]
 [ 0  4 16  8]
 [ 2 64  8  4]
 [ 8  8 16  8]]" [label=s]
	"[[ 2  0  4  8]
 [ 0  4 16  4]
 [ 4 64  8  4]
 [ 4  8 16  4]]" -- "[[ 2  2  4  8]
 [ 0  4 16  4]
 [ 4 64  8  4]
 [ 4  8 16  4]]" [label=e]
	"[[ 2  0  4  8]
 [ 0  4 16  4]
 [ 4 64  8  4]
 [ 4  8 16  4]]" -- "[[ 2  4  8  0]
 [ 4 16  4  4]
 [ 4 64  8  4]
 [ 4  8 16  4]]" [label=w]
	"[[ 2  4  4  8]
 [ 8 64 16  8]
 [ 0  8  8  4]
 [ 0  0 16  4]]" -- "[[ 2  4  4 16]
 [ 8 64 16  8]
 [ 0  8  8  0]
 [ 2  0 16  0]]" [label=n]
	"[[ 2  4  4  8]
 [ 8 64 16  8]
 [ 0  8  8  4]
 [ 0  0 16  4]]" -- "[[ 2  2  8  8]
 [ 8 64 16  8]
 [ 0  0 16  4]
 [ 0  0 16  4]]" [label=e]
	"[[ 2  4  4  8]
 [ 8 64 16  8]
 [ 0  8  8  4]
 [ 0  0 16  4]]" -- "[[ 2  8  8  0]
 [ 8 64 16  8]
 [16  4  0  0]
 [16  4  0  2]]" [label=w]
	"[[ 0  2  4  0]
 [ 0  4 16  0]
 [ 2 64  8 16]
 [ 8  8 16  8]]" -- "[[ 2  2  4 16]
 [ 8  4 16  8]
 [ 0 64  8  0]
 [ 2  8 16  0]]" [label=n]
	"[[ 0  2  4  0]
 [ 0  4 16  0]
 [ 2 64  8 16]
 [ 8  8 16  8]]" -- "[[ 0  2  2  4]
 [ 0  0  4 16]
 [ 2 64  8 16]
 [ 0 16 16  8]]" [label=e]
	"[[ 2  4  0  0]
 [ 4 16  2  0]
 [ 2 64  8 16]
 [16 16  8  0]]" -- "[[ 2  4  0  0]
 [ 4 16  2  0]
 [ 2 64  2  0]
 [16 16 16 16]]" [label=s]
	"[[ 2  4  0  0]
 [ 4 16  2  0]
 [ 2 64  8 16]
 [16 16  8  0]]" -- "[[ 0  0  2  4]
 [ 0  4 16  2]
 [ 2 64  8 16]
 [ 0  2 32  8]]" [label=e]
	"[[ 2  4  0  0]
 [ 4 16  2  0]
 [ 2 64  8 16]
 [16 16  8  0]]" -- "[[ 2  4  0  2]
 [ 4 16  2  0]
 [ 2 64  8 16]
 [32  8  0  0]]" [label=w]
	"[[ 2  4  2 16]
 [ 4 16 16  0]
 [ 2 64  0  0]
 [16 16  0  2]]" -- "[[ 2  4  2 16]
 [ 4 16 16  2]
 [ 2 64  0  0]
 [16 16  0  4]]" [label=n]
	"[[ 2  4  2 16]
 [ 4 16 16  0]
 [ 2 64  0  0]
 [16 16  0  2]]" -- "[[ 2  4  2 16]
 [ 0  0  4 32]
 [ 0  2  2 64]
 [ 0  0 32  2]]" [label=e]
	"[[ 2  4  2 16]
 [ 4 16 16  0]
 [ 2 64  0  0]
 [16 16  0  2]]" -- "[[ 2  4  2 16]
 [ 4 32  0  2]
 [ 2 64  0  0]
 [32  2  0  0]]" [label=w]
	"[[ 2  4  2  0]
 [ 4 16  0  0]
 [ 2 64  2 16]
 [16 16 16  2]]" -- "[[ 2  4  0  2]
 [ 4 16  0  0]
 [ 2 64  4 16]
 [16 16 16  2]]" [label=s]
	"[[ 2  4  2  0]
 [ 4 16  0  0]
 [ 2 64  2 16]
 [16 16 16  2]]" -- "[[ 0  2  4  2]
 [ 2  0  4 16]
 [ 2 64  2 16]
 [ 0 16 32  2]]" [label=e]
	"[[ 2  4  2  0]
 [ 4 16  0  0]
 [ 2 64  2 16]
 [16 16 16  2]]" -- "[[ 2  4  2  2]
 [ 4 16  0  0]
 [ 2 64  2 16]
 [32 16  2  0]]" [label=w]
	"[[ 2  4  4 16]
 [ 4 16 16  2]
 [ 2 64  4  0]
 [16 16  0  0]]" -- "[[ 0  2  8 16]
 [ 0  4 32  2]
 [ 0  2 64  4]
 [ 0  0  2 32]]" [label=e]
	"[[ 2  4  4 16]
 [ 4 16 16  2]
 [ 2 64  4  0]
 [16 16  0  0]]" -- "[[ 2  8 16  0]
 [ 4 32  2  0]
 [ 2 64  4  0]
 [32  2  0  0]]" [label=w]
	"[[ 2  4  0  0]
 [ 4 16  4  2]
 [ 2 64 16 16]
 [16 16  4  2]]" -- "[[ 2  0  2  4]
 [ 4 16  4  2]
 [ 0  2 64 32]
 [ 0 32  4  2]]" [label=e]
	"[[ 2  4  0  0]
 [ 4 16  4  2]
 [ 2 64 16 16]
 [16 16  4  2]]" -- "[[ 2  4  0  0]
 [ 4 16  4  2]
 [ 2 64 32  0]
 [32  4  2  2]]" [label=w]
	"[[ 2  4  4  2]
 [ 4 16 16 16]
 [ 2 64  4  2]
 [16 16  0  2]]" -- "[[ 2  4  0  2]
 [ 4 16  4  2]
 [ 2 64 16 16]
 [16 16  4  4]]" [label=s]
	"[[ 2  4  4  2]
 [ 4 16 16 16]
 [ 2 64  4  2]
 [16 16  0  2]]" -- "[[ 0  2  8  2]
 [ 0  4 16 32]
 [ 2 64  4  2]
 [ 0  2 32  2]]" [label=e]
	"[[ 2  4  4  2]
 [ 4 16 16 16]
 [ 2 64  4  2]
 [16 16  0  2]]" -- "[[ 2  8  2  0]
 [ 4 32 16  0]
 [ 2 64  4  2]
 [32  2  2  0]]" [label=w]
	"[[ 2  4  4  2]
 [ 4 16 16 16]
 [ 2 64  4  4]
 [16 16  2  0]]" -- "[[ 2  4  4  2]
 [ 4 16 16  2]
 [ 2 64  4 16]
 [16 16  2  4]]" [label=s]
	"[[ 2  4  4  2]
 [ 4 16 16 16]
 [ 2 64  4  4]
 [16 16  2  0]]" -- "[[ 2  8  2  0]
 [ 4 32 16  2]
 [ 2 64  8  0]
 [32  2  0  0]]" [label=w]
	"[[ 0  2  8  2]
 [ 0  4 16 32]
 [ 0  2 64  8]
 [ 0  2 32  2]]" -- "[[ 0  2  8  2]
 [ 2  4 16 32]
 [ 0  4 64  8]
 [ 0  0 32  2]]" [label=n]
	"[[ 0  2  8  2]
 [ 0  4 16 32]
 [ 0  2 64  8]
 [ 0  2 32  2]]" -- "[[ 0  0  8  2]
 [ 2  2 16 32]
 [ 0  4 64  8]
 [ 0  4 32  2]]" [label=s]
	"[[ 2  8  2  0]
 [ 4 16 32  0]
 [ 2 64  8  0]
 [ 2 32  2  2]]" -- "[[ 2  8  2  2]
 [ 4 16 32  0]
 [ 4 64  8  0]
 [ 2 32  2  0]]" [label=n]
	"[[ 2  8  2  0]
 [ 4 16 32  0]
 [ 2 64  8  0]
 [ 2 32  2  2]]" -- "[[ 0  2  8  2]
 [ 0  4 16 32]
 [ 0  2 64  8]
 [ 4  2 32  4]]" [label=e]
	"[[ 2  8  2  0]
 [ 4 16 32  0]
 [ 2 64  8  0]
 [ 2 32  2  2]]" -- "[[ 2  8  2  0]
 [ 4 16 32  0]
 [ 2 64  8  0]
 [ 2 32  4  2]]" [label=w]
	"[[ 2  8  2  0]
 [ 2 16 32  0]
 [ 4 64  8  0]
 [ 4 32  2  2]]" -- "[[ 4  8  2  2]
 [ 8 16 32  0]
 [ 0 64  8  2]
 [ 0 32  2  0]]" [label=n]
	"[[ 2  8  2  0]
 [ 2 16 32  0]
 [ 4 64  8  0]
 [ 4 32  2  2]]" -- "[[ 0  8  2  2]
 [ 0 16 32  0]
 [ 4 64  8  0]
 [ 8 32  2  2]]" [label=s]
	"[[ 2  8  2  0]
 [ 2 16 32  0]
 [ 4 64  8  0]
 [ 4 32  2  2]]" -- "[[ 0  2  8  2]
 [ 0  2 16 32]
 [ 0  4 64  8]
 [ 2  4 32  4]]" [label=e]
	"[[ 2  8  2  2]
 [ 2 16 32  0]
 [ 4 64  8  0]
 [ 4 32  4  0]]" -- "[[ 2  8  2  0]
 [ 0 16 32  0]
 [ 4 64  8  0]
 [ 8 32  4  2]]" [label=s]
	"[[ 2  8  2  2]
 [ 2 16 32  0]
 [ 4 64  8  0]
 [ 4 32  4  0]]" -- "[[ 4  2  8  4]
 [ 0  2 16 32]
 [ 0  4 64  8]
 [ 0  4 32  4]]" [label=e]
	"[[ 2  8  2  2]
 [ 2 16 32  0]
 [ 4 64  8  0]
 [ 4 32  4  0]]" -- "[[ 2  8  4  0]
 [ 2 16 32  2]
 [ 4 64  8  0]
 [ 4 32  4  0]]" [label=w]
	"[[ 4  8  2  2]
 [ 8 16 32  0]
 [ 2 64  8  0]
 [ 0 32  4  0]]" -- "[[ 0  8  2  0]
 [ 4 16 32  2]
 [ 8 64  8  0]
 [ 2 32  4  2]]" [label=s]
	"[[ 4  8  2  2]
 [ 8 16 32  0]
 [ 2 64  8  0]
 [ 0 32  4  0]]" -- "[[ 2  4  8  4]
 [ 0  8 16 32]
 [ 0  2 64  8]
 [ 0  0 32  4]]" [label=e]
	"[[ 4  8  4  0]
 [ 8 16 32  2]
 [ 2 64  8  0]
 [32  4  0  0]]" -- "[[ 4  8  4  2]
 [ 8 16 32  0]
 [ 2 64  8  0]
 [32  4  0  2]]" [label=n]
	"[[ 4  8  4  0]
 [ 8 16 32  2]
 [ 2 64  8  0]
 [32  4  0  0]]" -- "[[ 2  4  8  4]
 [ 8 16 32  2]
 [ 0  2 64  8]
 [ 0  0 32  4]]" [label=e]
	"[[ 4  8  0  2]
 [ 8 16  4  0]
 [ 2 64 32  0]
 [32  4  8  2]]" -- "[[ 4  8  4  4]
 [ 8 16 32  0]
 [ 2 64  8  0]
 [32  4  2  0]]" [label=n]
	"[[ 4  8  0  2]
 [ 8 16  4  0]
 [ 2 64 32  0]
 [32  4  8  2]]" -- "[[ 4  8  0  2]
 [ 8 16  4  0]
 [ 2 64 32  0]
 [32  4  8  4]]" [label=s]
	"[[ 4  8  0  2]
 [ 8 16  4  0]
 [ 2 64 32  0]
 [32  4  8  2]]" -- "[[ 2  4  8  2]
 [ 0  8 16  4]
 [ 0  2 64 32]
 [32  4  8  2]]" [label=e]
	"[[ 4  8  2  0]
 [ 8 16  4  2]
 [ 2 64 32  0]
 [32  4  8  2]]" -- "[[ 4  8  2  4]
 [ 8 16  4  0]
 [ 2 64 32  0]
 [32  4  8  2]]" [label=n]
	"[[ 4  8  2  0]
 [ 8 16  4  2]
 [ 2 64 32  0]
 [32  4  8  2]]" -- "[[ 4  8  2  0]
 [ 8 16  4  2]
 [ 2 64 32  0]
 [32  4  8  4]]" [label=s]
	"[[ 2  4  8  2]
 [ 8 16  4  2]
 [ 0  2 64 32]
 [32  4  8  2]]" -- "[[ 2  4  8  0]
 [ 2 16  4  4]
 [ 8  2 64 32]
 [32  4  8  2]]" [label=s]
	"[[ 2  4  8  2]
 [ 8 16  4  2]
 [ 0  2 64 32]
 [32  4  8  2]]" -- "[[ 2  4  8  2]
 [ 8 16  4  2]
 [ 2 64 32  2]
 [32  4  8  2]]" [label=w]
	"[[ 2  4  8  4]
 [ 8 16  4 32]
 [32  2 64  2]
 [ 2  4  8  0]]" -- "[[ 2  4  8  4]
 [ 8 16  4 32]
 [32  2 64  2]
 [ 2  2  4  8]]" [label=e]
}
