digraph {
	"8
[[4 0 4 0]
 [0 0 0 0]
 [0 0 0 2]
 [0 0 0 0]]" -> "8
[[4 0 4 2]
 [0 0 0 0]
 [0 0 0 0]
 [0 0 2 0]]" [label=n]
	"8
[[4 0 4 0]
 [0 0 0 0]
 [0 0 0 2]
 [0 0 0 0]]" -> "8
[[0 0 0 0]
 [0 0 0 0]
 [0 0 2 0]
 [4 0 4 2]]" [label=s]
	"8
[[4 0 4 0]
 [0 0 0 0]
 [0 0 0 2]
 [0 0 0 0]]" -> "16
[[0 0 0 8]
 [0 0 0 0]
 [0 0 2 2]
 [0 0 0 0]]" [label=e]
	"8
[[4 0 4 0]
 [0 0 0 0]
 [0 0 0 2]
 [0 0 0 0]]" -> "16
[[8 2 0 0]
 [0 0 0 0]
 [2 0 0 0]
 [0 0 0 0]]" [label=w]
	"4
[[2 0 4 0]
 [0 0 0 0]
 [0 0 0 0]
 [2 0 0 0]]" -> "8
[[4 0 4 0]
 [0 0 0 0]
 [0 0 0 2]
 [0 0 0 0]]" [label=n]
	"8
[[0 0 2 0]
 [0 0 0 0]
 [0 0 0 0]
 [4 0 4 0]]" -> "8
[[4 0 2 0]
 [0 0 4 0]
 [0 0 0 0]
 [0 0 2 0]]" [label=n]
	"8
[[0 0 2 0]
 [0 0 0 0]
 [0 0 0 0]
 [4 0 4 0]]" -> "8
[[0 0 0 0]
 [0 0 0 0]
 [0 0 2 0]
 [4 0 4 2]]" [label=s]
	"8
[[0 0 2 0]
 [0 0 0 0]
 [0 0 0 0]
 [4 0 4 0]]" -> "16
[[0 0 2 2]
 [0 0 0 0]
 [0 0 0 0]
 [0 0 0 8]]" [label=e]
	"8
[[0 0 2 0]
 [0 0 0 0]
 [0 0 0 0]
 [4 0 4 0]]" -> "16
[[2 0 0 2]
 [0 0 0 0]
 [0 0 0 0]
 [8 0 0 0]]" [label=w]
	"4
[[2 0 4 0]
 [0 0 0 0]
 [0 0 0 0]
 [2 0 0 0]]" -> "8
[[0 0 2 0]
 [0 0 0 0]
 [0 0 0 0]
 [4 0 4 0]]" [label=s]
	"4
[[0 0 2 4]
 [0 2 0 0]
 [0 0 0 0]
 [0 0 0 2]]" -> "4
[[0 2 2 4]
 [0 0 0 2]
 [2 0 0 0]
 [0 0 0 0]]" [label=n]
	"4
[[0 0 2 4]
 [0 2 0 0]
 [0 0 0 0]
 [0 0 0 2]]" -> "4
[[0 0 0 0]
 [0 0 0 0]
 [2 0 0 4]
 [0 2 2 2]]" [label=s]
	"4
[[0 0 2 4]
 [0 2 0 0]
 [0 0 0 0]
 [0 0 0 2]]" -> "4
[[4 0 2 4]
 [0 0 0 2]
 [0 0 0 0]
 [0 0 0 2]]" [label=e]
	"4
[[0 0 2 4]
 [0 2 0 0]
 [0 0 0 0]
 [0 0 0 2]]" -> "4
[[2 4 0 0]
 [2 0 0 0]
 [4 0 0 0]
 [2 0 0 0]]" [label=w]
	"4
[[2 0 4 0]
 [0 0 0 0]
 [0 0 0 0]
 [2 0 0 0]]" -> "4
[[0 0 2 4]
 [0 2 0 0]
 [0 0 0 0]
 [0 0 0 2]]" [label=e]
	"4
[[2 4 0 2]
 [0 0 0 0]
 [0 0 0 0]
 [2 0 0 0]]" -> "8
[[4 4 0 2]
 [0 0 0 0]
 [0 0 0 0]
 [2 0 0 0]]" [label=n]
	"4
[[2 4 0 2]
 [0 0 0 0]
 [0 0 0 0]
 [2 0 0 0]]" -> "8
[[0 0 0 0]
 [0 0 0 4]
 [0 0 0 0]
 [4 4 0 2]]" [label=s]
	"4
[[2 4 0 2]
 [0 0 0 0]
 [0 0 0 0]
 [2 0 0 0]]" -> "4
[[0 2 4 2]
 [0 0 0 0]
 [2 0 0 0]
 [0 0 0 2]]" [label=e]
	"4
[[2 4 0 2]
 [0 0 0 0]
 [0 0 0 0]
 [2 0 0 0]]" -> "4
[[2 4 2 0]
 [0 0 0 0]
 [0 0 0 0]
 [2 2 0 0]]" [label=w]
	"4
[[2 0 4 0]
 [0 0 0 0]
 [0 0 0 0]
 [2 0 0 0]]" -> "4
[[2 4 0 2]
 [0 0 0 0]
 [0 0 0 0]
 [2 0 0 0]]" [label=w]
	"4
[[0 0 4 0]
 [0 0 0 0]
 [0 0 0 0]
 [2 0 0 0]]" -> "4
[[2 0 4 0]
 [0 0 0 0]
 [0 0 0 0]
 [2 0 0 0]]" [label=n]
	"8
[[4 2 4 0]
 [0 0 0 0]
 [0 0 0 0]
 [0 0 0 0]]" -> "8
[[0 0 0 0]
 [0 0 0 2]
 [0 0 0 0]
 [4 2 4 0]]" [label=s]
	"8
[[4 2 4 0]
 [0 0 0 0]
 [0 0 0 0]
 [0 0 0 0]]" -> "8
[[0 4 2 4]
 [0 0 2 0]
 [0 0 0 0]
 [0 0 0 0]]" [label=e]
	"4
[[0 0 0 0]
 [0 0 0 0]
 [2 0 0 0]
 [2 0 4 0]]" -> "8
[[4 2 4 0]
 [0 0 0 0]
 [0 0 0 0]
 [0 0 0 0]]" [label=n]
	"8
[[0 0 0 0]
 [0 0 0 0]
 [2 0 0 0]
 [4 0 4 0]]" -> "8
[[2 0 4 0]
 [4 0 0 0]
 [2 0 0 0]
 [0 0 0 0]]" [label=n]
	"8
[[0 0 0 0]
 [0 0 0 0]
 [2 0 0 0]
 [4 0 4 0]]" -> "16
[[0 0 0 0]
 [0 0 0 0]
 [0 0 0 2]
 [0 2 0 8]]" [label=e]
	"8
[[0 0 0 0]
 [0 0 0 0]
 [2 0 0 0]
 [4 0 4 0]]" -> "16
[[0 2 0 0]
 [0 0 0 0]
 [2 0 0 0]
 [8 0 0 0]]" [label=w]
	"4
[[0 0 0 0]
 [0 0 0 0]
 [2 0 0 0]
 [2 0 4 0]]" -> "8
[[0 0 0 0]
 [0 0 0 0]
 [2 0 0 0]
 [4 0 4 0]]" [label=s]
	"4
[[0 0 0 0]
 [0 0 0 0]
 [2 0 0 2]
 [0 0 2 4]]" -> "4
[[2 0 2 2]
 [2 0 0 4]
 [0 0 0 0]
 [0 0 0 0]]" [label=n]
	"4
[[0 0 0 0]
 [0 0 0 0]
 [2 0 0 2]
 [0 0 2 4]]" -> "4
[[0 0 0 0]
 [0 0 0 0]
 [2 0 0 2]
 [2 0 2 4]]" [label=s]
	"4
[[0 0 0 0]
 [0 0 0 0]
 [2 0 0 2]
 [0 0 2 4]]" -> "8
[[0 0 0 0]
 [2 0 0 0]
 [0 0 0 4]
 [0 0 2 4]]" [label=e]
	"4
[[0 0 0 0]
 [0 0 0 0]
 [2 0 0 2]
 [0 0 2 4]]" -> "8
[[0 2 0 0]
 [0 0 0 0]
 [4 0 0 0]
 [2 4 0 0]]" [label=w]
	"4
[[0 0 0 0]
 [0 0 0 0]
 [2 0 0 0]
 [2 0 4 0]]" -> "4
[[0 0 0 0]
 [0 0 0 0]
 [2 0 0 2]
 [0 0 2 4]]" [label=e]
	"4
[[0 0 0 0]
 [0 0 0 0]
 [2 0 0 2]
 [2 4 0 0]]" -> "8
[[4 4 0 2]
 [0 2 0 0]
 [0 0 0 0]
 [0 0 0 0]]" [label=n]
	"4
[[0 0 0 0]
 [0 0 0 0]
 [2 0 0 2]
 [2 4 0 0]]" -> "8
[[0 0 0 0]
 [0 0 0 0]
 [0 0 0 2]
 [4 4 0 2]]" [label=s]
	"4
[[0 0 0 0]
 [0 0 0 0]
 [2 0 0 2]
 [2 4 0 0]]" -> "8
[[0 0 2 0]
 [0 0 0 0]
 [0 0 0 4]
 [0 0 2 4]]" [label=e]
	"4
[[0 0 0 0]
 [0 0 0 0]
 [2 0 0 2]
 [2 4 0 0]]" -> "8
[[0 0 0 0]
 [2 0 0 0]
 [4 0 0 0]
 [2 4 0 0]]" [label=w]
	"4
[[0 0 0 0]
 [0 0 0 0]
 [2 0 0 0]
 [2 0 4 0]]" -> "4
[[0 0 0 0]
 [0 0 0 0]
 [2 0 0 2]
 [2 4 0 0]]" [label=w]
	"4
[[0 0 4 0]
 [0 0 0 0]
 [0 0 0 0]
 [2 0 0 0]]" -> "4
[[0 0 0 0]
 [0 0 0 0]
 [2 0 0 0]
 [2 0 4 0]]" [label=s]
	"4
[[2 0 2 4]
 [0 0 0 2]
 [0 0 0 0]
 [0 0 0 0]]" -> "4
[[0 0 0 0]
 [0 0 0 0]
 [0 2 0 4]
 [2 0 2 2]]" [label=s]
	"4
[[2 0 2 4]
 [0 0 0 2]
 [0 0 0 0]
 [0 0 0 0]]" -> "8
[[0 2 4 4]
 [0 0 0 2]
 [0 0 0 0]
 [0 0 0 0]]" [label=e]
	"4
[[2 0 2 4]
 [0 0 0 2]
 [0 0 0 0]
 [0 0 0 0]]" -> "8
[[4 4 0 0]
 [2 2 0 0]
 [0 0 0 0]
 [0 0 0 0]]" [label=w]
	"4
[[0 0 0 4]
 [0 0 0 0]
 [0 0 0 0]
 [2 0 0 2]]" -> "4
[[2 0 2 4]
 [0 0 0 2]
 [0 0 0 0]
 [0 0 0 0]]" [label=n]
	"4
[[0 0 0 0]
 [0 0 0 2]
 [0 0 0 4]
 [2 0 0 2]]" -> "4
[[2 0 0 2]
 [0 0 0 4]
 [0 0 0 2]
 [0 2 0 0]]" [label=n]
	"4
[[0 0 0 0]
 [0 0 0 2]
 [0 0 0 4]
 [2 0 0 2]]" -> "8
[[0 0 2 0]
 [0 0 0 2]
 [0 0 0 4]
 [0 0 0 4]]" [label=e]
	"4
[[0 0 0 0]
 [0 0 0 2]
 [0 0 0 4]
 [2 0 0 2]]" -> "8
[[0 0 0 0]
 [2 0 0 2]
 [4 0 0 0]
 [4 0 0 0]]" [label=w]
	"4
[[0 0 0 4]
 [0 0 0 0]
 [0 0 0 0]
 [2 0 0 2]]" -> "4
[[0 0 0 0]
 [0 0 0 2]
 [0 0 0 4]
 [2 0 0 2]]" [label=s]
	"8
[[0 0 2 4]
 [0 0 0 0]
 [0 0 0 0]
 [0 0 0 4]]" -> "16
[[0 0 2 8]
 [2 0 0 0]
 [0 0 0 0]
 [0 0 0 0]]" [label=n]
	"8
[[0 0 2 4]
 [0 0 0 0]
 [0 0 0 0]
 [0 0 0 4]]" -> "16
[[0 0 0 0]
 [0 0 0 0]
 [0 0 0 0]
 [0 2 2 8]]" [label=s]
	"8
[[0 0 2 4]
 [0 0 0 0]
 [0 0 0 0]
 [0 0 0 4]]" -> "8
[[2 4 0 0]
 [0 0 2 0]
 [0 0 0 0]
 [4 0 0 0]]" [label=w]
	"4
[[0 0 0 4]
 [0 0 0 0]
 [0 0 0 0]
 [2 0 0 2]]" -> "8
[[0 0 2 4]
 [0 0 0 0]
 [0 0 0 0]
 [0 0 0 4]]" [label=e]
	"8
[[4 0 0 0]
 [0 0 0 0]
 [4 0 0 0]
 [4 0 0 0]]" -> "16
[[8 2 0 0]
 [4 0 0 0]
 [0 0 0 0]
 [0 0 0 0]]" [label=n]
	"8
[[4 0 0 0]
 [0 0 0 0]
 [4 0 0 0]
 [4 0 0 0]]" -> "16
[[0 0 0 0]
 [0 0 0 0]
 [4 0 2 0]
 [8 0 0 0]]" [label=s]
	"8
[[4 0 0 0]
 [0 0 0 0]
 [4 0 0 0]
 [4 0 0 0]]" -> "8
[[0 0 0 4]
 [0 0 0 0]
 [0 0 2 4]
 [0 0 0 4]]" [label=e]
	"4
[[0 0 0 4]
 [0 0 0 0]
 [0 0 0 0]
 [2 0 0 2]]" -> "8
[[4 0 0 0]
 [0 0 0 0]
 [4 0 0 0]
 [4 0 0 0]]" [label=w]
	"4
[[0 0 4 0]
 [0 0 0 0]
 [0 0 0 0]
 [2 0 0 0]]" -> "4
[[0 0 0 4]
 [0 0 0 0]
 [0 0 0 0]
 [2 0 0 2]]" [label=e]
	"4
[[4 0 0 2]
 [2 2 0 0]
 [0 0 0 0]
 [0 0 0 0]]" -> "4
[[4 2 0 2]
 [2 2 0 0]
 [0 0 0 0]
 [0 0 0 0]]" [label=n]
	"4
[[4 0 0 2]
 [2 2 0 0]
 [0 0 0 0]
 [0 0 0 0]]" -> "4
[[0 0 2 0]
 [0 0 0 0]
 [4 0 0 0]
 [2 2 0 2]]" [label=s]
	"4
[[4 0 0 2]
 [2 2 0 0]
 [0 0 0 0]
 [0 0 0 0]]" -> "8
[[0 0 4 2]
 [0 0 2 4]
 [0 0 0 0]
 [0 0 0 0]]" [label=e]
	"4
[[4 0 0 2]
 [2 2 0 0]
 [0 0 0 0]
 [0 0 0 0]]" -> "8
[[4 2 2 0]
 [4 0 0 0]
 [0 0 0 0]
 [0 0 0 0]]" [label=w]
	"4
[[4 0 0 0]
 [0 0 0 0]
 [0 0 0 2]
 [2 0 0 0]]" -> "4
[[4 0 0 2]
 [2 2 0 0]
 [0 0 0 0]
 [0 0 0 0]]" [label=n]
	"4
[[0 2 0 0]
 [0 0 0 0]
 [4 0 0 0]
 [2 0 0 2]]" -> "4
[[4 2 0 2]
 [2 0 0 0]
 [0 0 0 2]
 [0 0 0 0]]" [label=n]
	"4
[[0 2 0 0]
 [0 0 0 0]
 [4 0 0 0]
 [2 0 0 2]]" -> "4
[[0 0 0 0]
 [0 0 0 0]
 [4 2 0 0]
 [2 2 0 2]]" [label=s]
	"4
[[0 2 0 0]
 [0 0 0 0]
 [4 0 0 0]
 [2 0 0 2]]" -> "8
[[0 0 0 2]
 [2 0 0 0]
 [0 0 0 4]
 [0 0 0 4]]" [label=e]
	"4
[[0 2 0 0]
 [0 0 0 0]
 [4 0 0 0]
 [2 0 0 2]]" -> "8
[[2 0 0 0]
 [2 0 0 0]
 [4 0 0 0]
 [4 0 0 0]]" [label=w]
	"4
[[4 0 0 0]
 [0 0 0 0]
 [0 0 0 2]
 [2 0 0 0]]" -> "4
[[0 2 0 0]
 [0 0 0 0]
 [4 0 0 0]
 [2 0 0 2]]" [label=s]
	"4
[[0 0 0 4]
 [0 0 0 0]
 [2 0 0 2]
 [0 0 0 2]]" -> "8
[[2 2 0 4]
 [0 0 0 4]
 [0 0 0 0]
 [0 0 0 0]]" [label=n]
	"4
[[0 0 0 4]
 [0 0 0 0]
 [2 0 0 2]
 [0 0 0 2]]" -> "8
[[0 0 0 0]
 [0 0 0 0]
 [0 2 0 4]
 [2 0 0 4]]" [label=s]
	"4
[[0 0 0 4]
 [0 0 0 0]
 [2 0 0 2]
 [0 0 0 2]]" -> "8
[[0 0 0 4]
 [0 0 0 0]
 [0 0 2 4]
 [0 0 0 2]]" [label=e]
	"4
[[0 0 0 4]
 [0 0 0 0]
 [2 0 0 2]
 [0 0 0 2]]" -> "8
[[4 0 0 0]
 [0 0 0 0]
 [4 0 0 0]
 [2 0 2 0]]" [label=w]
	"4
[[4 0 0 0]
 [0 0 0 0]
 [0 0 0 2]
 [2 0 0 0]]" -> "4
[[0 0 0 4]
 [0 0 0 0]
 [2 0 0 2]
 [0 0 0 2]]" [label=e]
	"4
[[4 0 0 0]
 [0 0 0 0]
 [2 2 0 0]
 [2 0 0 0]]" -> "8
[[4 2 0 0]
 [4 2 0 0]
 [0 0 0 0]
 [0 0 0 0]]" [label=n]
	"4
[[4 0 0 0]
 [0 0 0 0]
 [2 2 0 0]
 [2 0 0 0]]" -> "8
[[0 0 0 0]
 [0 0 0 2]
 [4 0 0 0]
 [4 2 0 0]]" [label=s]
	"4
[[4 0 0 0]
 [0 0 0 0]
 [2 2 0 0]
 [2 0 0 0]]" -> "8
[[0 0 0 4]
 [0 0 0 0]
 [0 0 0 4]
 [2 0 0 2]]" [label=e]
	"4
[[4 0 0 0]
 [0 0 0 0]
 [2 2 0 0]
 [2 0 0 0]]" -> "8
[[4 0 0 0]
 [0 0 2 0]
 [4 0 0 0]
 [2 0 0 0]]" [label=w]
	"4
[[4 0 0 0]
 [0 0 0 0]
 [0 0 0 2]
 [2 0 0 0]]" -> "4
[[4 0 0 0]
 [0 0 0 0]
 [2 2 0 0]
 [2 0 0 0]]" [label=w]
	"4
[[0 0 4 0]
 [0 0 0 0]
 [0 0 0 0]
 [2 0 0 0]]" -> "4
[[4 0 0 0]
 [0 0 0 0]
 [0 0 0 2]
 [2 0 0 0]]" [label=w]
	"0
[[0 0 2 0]
 [0 0 0 0]
 [0 0 0 0]
 [0 0 2 0]]" -> "4
[[0 0 4 0]
 [0 0 0 0]
 [0 0 0 0]
 [2 0 0 0]]" [label=n]
	"4
[[0 0 0 0]
 [0 2 0 0]
 [0 0 0 0]
 [2 0 4 2]]" -> "4
[[2 2 4 2]
 [0 0 0 0]
 [0 0 0 2]
 [0 0 0 0]]" [label=n]
	"4
[[0 0 0 0]
 [0 2 0 0]
 [0 0 0 0]
 [2 0 4 2]]" -> "4
[[0 0 0 0]
 [0 2 0 0]
 [0 0 0 0]
 [2 2 4 2]]" [label=s]
	"4
[[0 0 0 0]
 [0 2 0 0]
 [0 0 0 0]
 [2 0 4 2]]" -> "4
[[0 0 0 0]
 [0 0 0 2]
 [0 0 2 0]
 [0 2 4 2]]" [label=e]
	"4
[[0 0 0 0]
 [0 2 0 0]
 [0 0 0 0]
 [2 0 4 2]]" -> "4
[[0 0 0 0]
 [2 4 0 0]
 [0 0 0 0]
 [2 4 2 0]]" [label=w]
	"4
[[2 0 4 2]
 [0 0 0 0]
 [0 0 0 0]
 [0 0 0 0]]" -> "4
[[0 0 0 0]
 [0 2 0 0]
 [0 0 0 0]
 [2 0 4 2]]" [label=s]
	"4
[[0 2 4 2]
 [0 0 0 0]
 [0 0 0 0]
 [0 0 0 2]]" -> "8
[[0 2 4 4]
 [0 0 0 0]
 [0 0 0 0]
 [0 2 0 0]]" [label=n]
	"4
[[0 2 4 2]
 [0 0 0 0]
 [0 0 0 0]
 [0 0 0 2]]" -> "8
[[0 0 0 0]
 [0 0 0 0]
 [0 0 0 4]
 [0 2 4 4]]" [label=s]
	"4
[[0 2 4 2]
 [0 0 0 0]
 [0 0 0 0]
 [0 0 0 2]]" -> "4
[[2 4 2 0]
 [0 0 0 0]
 [0 0 0 0]
 [2 2 0 0]]" [label=w]
	"4
[[2 0 4 2]
 [0 0 0 0]
 [0 0 0 0]
 [0 0 0 0]]" -> "4
[[0 2 4 2]
 [0 0 0 0]
 [0 0 0 0]
 [0 0 0 2]]" [label=e]
	"4
[[2 4 2 0]
 [0 0 0 0]
 [4 0 0 0]
 [0 0 0 0]]" -> "4
[[2 4 2 0]
 [4 0 0 0]
 [2 0 0 0]
 [0 0 0 0]]" [label=n]
	"4
[[2 4 2 0]
 [0 0 0 0]
 [4 0 0 0]
 [0 0 0 0]]" -> "4
[[0 0 0 0]
 [0 0 0 0]
 [2 0 0 0]
 [4 4 2 2]]" [label=s]
	"4
[[2 4 2 0]
 [0 0 0 0]
 [4 0 0 0]
 [0 0 0 0]]" -> "4
[[0 2 4 2]
 [0 0 0 2]
 [0 0 0 4]
 [0 0 0 0]]" [label=e]
	"4
[[2 0 4 2]
 [0 0 0 0]
 [0 0 0 0]
 [0 0 0 0]]" -> "4
[[2 4 2 0]
 [0 0 0 0]
 [4 0 0 0]
 [0 0 0 0]]" [label=w]
	"4
[[0 0 0 0]
 [2 0 0 0]
 [0 0 0 0]
 [0 0 4 0]]" -> "4
[[2 0 4 2]
 [0 0 0 0]
 [0 0 0 0]
 [0 0 0 0]]" [label=n]
	"4
[[2 2 4 0]
 [0 4 0 0]
 [0 0 0 0]
 [0 0 0 0]]" -> "4
[[0 0 0 2]
 [0 0 0 0]
 [0 2 0 0]
 [2 4 4 0]]" [label=s]
	"4
[[2 2 4 0]
 [0 4 0 0]
 [0 0 0 0]
 [0 0 0 0]]" -> "8
[[0 0 4 4]
 [0 0 0 4]
 [0 0 0 0]
 [0 0 0 2]]" [label=e]
	"4
[[2 2 4 0]
 [0 4 0 0]
 [0 0 0 0]
 [0 0 0 0]]" -> "8
[[4 4 0 0]
 [4 0 0 0]
 [0 0 0 2]
 [0 0 0 0]]" [label=w]
	"4
[[0 2 0 0]
 [0 0 0 0]
 [0 0 0 0]
 [2 0 4 0]]" -> "4
[[2 2 4 0]
 [0 4 0 0]
 [0 0 0 0]
 [0 0 0 0]]" [label=n]
	"4
[[0 0 0 0]
 [2 0 0 0]
 [0 0 0 0]
 [2 2 4 0]]" -> "8
[[4 2 4 0]
 [0 0 0 2]
 [0 0 0 0]
 [0 0 0 0]]" [label=n]
	"4
[[0 0 0 0]
 [2 0 0 0]
 [0 0 0 0]
 [2 2 4 0]]" -> "8
[[0 0 0 0]
 [2 0 0 0]
 [0 0 0 0]
 [4 2 4 0]]" [label=s]
	"4
[[0 0 0 0]
 [2 0 0 0]
 [0 0 0 0]
 [2 2 4 0]]" -> "8
[[0 0 0 0]
 [2 0 0 2]
 [0 0 0 0]
 [0 0 4 4]]" [label=e]
	"4
[[0 0 0 0]
 [2 0 0 0]
 [0 0 0 0]
 [2 2 4 0]]" -> "8
[[0 0 0 0]
 [2 0 0 0]
 [0 0 0 2]
 [4 4 0 0]]" [label=w]
	"4
[[0 2 0 0]
 [0 0 0 0]
 [0 0 0 0]
 [2 0 4 0]]" -> "4
[[0 0 0 0]
 [2 0 0 0]
 [0 0 0 0]
 [2 2 4 0]]" [label=s]
	"4
[[0 0 0 2]
 [0 0 0 0]
 [0 0 2 0]
 [0 0 2 4]]" -> "8
[[0 0 4 2]
 [0 0 0 4]
 [0 0 0 0]
 [2 0 0 0]]" [label=n]
	"4
[[0 0 0 2]
 [0 0 0 0]
 [0 0 2 0]
 [0 0 2 4]]" -> "8
[[0 0 0 0]
 [0 2 0 0]
 [0 0 0 2]
 [0 0 4 4]]" [label=s]
	"4
[[0 0 0 2]
 [0 0 0 0]
 [0 0 2 0]
 [0 0 2 4]]" -> "4
[[0 0 0 2]
 [0 0 0 2]
 [0 0 0 2]
 [0 0 2 4]]" [label=e]
	"4
[[0 0 0 2]
 [0 0 0 0]
 [0 0 2 0]
 [0 0 2 4]]" -> "4
[[2 0 0 0]
 [0 0 0 0]
 [2 0 2 0]
 [2 4 0 0]]" [label=w]
	"4
[[0 2 0 0]
 [0 0 0 0]
 [0 0 0 0]
 [2 0 4 0]]" -> "4
[[0 0 0 2]
 [0 0 0 0]
 [0 0 2 0]
 [0 0 2 4]]" [label=e]
	"4
[[2 0 0 0]
 [2 0 0 0]
 [0 0 0 0]
 [2 4 0 0]]" -> "8
[[4 4 0 0]
 [2 0 0 0]
 [0 0 0 0]
 [0 0 0 2]]" [label=n]
	"4
[[2 0 0 0]
 [2 0 0 0]
 [0 0 0 0]
 [2 4 0 0]]" -> "8
[[0 0 0 0]
 [0 0 0 0]
 [2 0 0 2]
 [4 4 0 0]]" [label=s]
	"4
[[2 0 0 0]
 [2 0 0 0]
 [0 0 0 0]
 [2 4 0 0]]" -> "4
[[2 0 0 2]
 [0 0 0 2]
 [0 0 0 0]
 [0 0 2 4]]" [label=e]
	"4
[[0 2 0 0]
 [0 0 0 0]
 [0 0 0 0]
 [2 0 4 0]]" -> "4
[[2 0 0 0]
 [2 0 0 0]
 [0 0 0 0]
 [2 4 0 0]]" [label=w]
	"4
[[0 0 0 0]
 [2 0 0 0]
 [0 0 0 0]
 [0 0 4 0]]" -> "4
[[0 2 0 0]
 [0 0 0 0]
 [0 0 0 0]
 [2 0 4 0]]" [label=s]
	"4
[[2 0 0 2]
 [0 0 0 4]
 [0 0 2 0]
 [0 0 0 0]]" -> "4
[[2 0 2 2]
 [0 0 0 4]
 [4 0 0 0]
 [0 0 0 0]]" [label=n]
	"4
[[2 0 0 2]
 [0 0 0 4]
 [0 0 2 0]
 [0 0 0 0]]" -> "4
[[0 0 0 0]
 [0 0 0 0]
 [0 2 0 2]
 [2 0 2 4]]" [label=s]
	"4
[[2 0 0 2]
 [0 0 0 4]
 [0 0 2 0]
 [0 0 0 0]]" -> "8
[[0 0 0 4]
 [2 0 0 4]
 [0 0 0 2]
 [0 0 0 0]]" [label=e]
	"4
[[2 0 0 2]
 [0 0 0 4]
 [0 0 2 0]
 [0 0 0 0]]" -> "8
[[4 0 0 0]
 [4 0 0 0]
 [2 0 0 0]
 [0 2 0 0]]" [label=w]
	"4
[[0 0 0 0]
 [2 0 0 2]
 [0 0 0 0]
 [0 0 0 4]]" -> "4
[[2 0 0 2]
 [0 0 0 4]
 [0 0 2 0]
 [0 0 0 0]]" [label=n]
	"4
[[0 0 0 0]
 [0 4 0 0]
 [0 0 0 2]
 [2 0 0 4]]" -> "4
[[2 4 0 2]
 [0 0 0 4]
 [0 0 0 0]
 [2 0 0 0]]" [label=n]
	"4
[[0 0 0 0]
 [0 4 0 0]
 [0 0 0 2]
 [2 0 0 4]]" -> "4
[[0 0 2 0]
 [0 0 0 0]
 [0 0 0 2]
 [2 4 0 4]]" [label=s]
	"4
[[0 0 0 0]
 [0 4 0 0]
 [0 0 0 2]
 [2 0 0 4]]" -> "4
[[0 0 0 0]
 [0 0 0 4]
 [0 0 0 2]
 [0 2 2 4]]" [label=e]
	"4
[[0 0 0 0]
 [0 4 0 0]
 [0 0 0 2]
 [2 0 0 4]]" -> "4
[[0 0 0 0]
 [4 0 0 2]
 [2 0 0 0]
 [2 4 0 0]]" [label=w]
	"4
[[0 0 0 0]
 [2 0 0 2]
 [0 0 0 0]
 [0 0 0 4]]" -> "4
[[0 0 0 0]
 [0 4 0 0]
 [0 0 0 2]
 [2 0 0 4]]" [label=s]
	"8
[[0 0 0 0]
 [0 0 0 4]
 [0 0 0 2]
 [0 0 0 4]]" -> "8
[[0 2 0 4]
 [0 0 0 2]
 [0 0 0 4]
 [0 0 0 0]]" [label=n]
	"8
[[0 0 0 0]
 [0 0 0 4]
 [0 0 0 2]
 [0 0 0 4]]" -> "8
[[0 0 0 0]
 [4 0 0 0]
 [2 2 0 0]
 [4 0 0 0]]" [label=w]
	"4
[[0 0 0 0]
 [2 0 0 2]
 [0 0 0 0]
 [0 0 0 4]]" -> "8
[[0 0 0 0]
 [0 0 0 4]
 [0 0 0 2]
 [0 0 0 4]]" [label=e]
	"8
[[0 0 0 0]
 [4 0 0 0]
 [0 2 0 0]
 [4 0 0 0]]" -> "16
[[8 2 0 0]
 [0 0 0 0]
 [0 0 0 0]
 [0 0 2 0]]" [label=n]
	"8
[[0 0 0 0]
 [4 0 0 0]
 [0 2 0 0]
 [4 0 0 0]]" -> "16
[[0 0 2 0]
 [0 0 0 0]
 [0 0 0 0]
 [8 2 0 0]]" [label=s]
	"8
[[0 0 0 0]
 [4 0 0 0]
 [0 2 0 0]
 [4 0 0 0]]" -> "8
[[0 0 0 0]
 [0 2 0 4]
 [0 0 0 2]
 [0 0 0 4]]" [label=e]
	"8
[[0 0 0 0]
 [4 0 0 0]
 [0 2 0 0]
 [4 0 0 0]]" -> "8
[[2 0 0 0]
 [4 0 0 0]
 [2 0 0 0]
 [4 0 0 0]]" [label=w]
	"4
[[0 0 0 0]
 [2 0 0 2]
 [0 0 0 0]
 [0 0 0 4]]" -> "8
[[0 0 0 0]
 [4 0 0 0]
 [0 2 0 0]
 [4 0 0 0]]" [label=w]
	"4
[[0 0 0 0]
 [2 0 0 0]
 [0 0 0 0]
 [0 0 4 0]]" -> "4
[[0 0 0 0]
 [2 0 0 2]
 [0 0 0 0]
 [0 0 0 4]]" [label=e]
	"4
[[2 2 0 2]
 [4 0 0 0]
 [0 0 0 0]
 [0 0 0 0]]" -> "4
[[0 0 0 0]
 [0 0 2 0]
 [2 0 0 0]
 [4 2 0 2]]" [label=s]
	"4
[[2 2 0 2]
 [4 0 0 0]
 [0 0 0 0]
 [0 0 0 0]]" -> "8
[[0 0 2 4]
 [0 0 2 4]
 [0 0 0 0]
 [0 0 0 0]]" [label=e]
	"4
[[2 2 0 2]
 [4 0 0 0]
 [0 0 0 0]
 [0 0 0 0]]" -> "8
[[4 2 0 0]
 [4 0 0 0]
 [0 0 0 0]
 [0 0 0 2]]" [label=w]
	"4
[[0 0 0 0]
 [2 0 0 0]
 [0 0 0 2]
 [4 0 0 0]]" -> "4
[[2 2 0 2]
 [4 0 0 0]
 [0 0 0 0]
 [0 0 0 0]]" [label=n]
	"4
[[0 0 0 2]
 [0 0 0 0]
 [2 0 0 0]
 [4 0 0 2]]" -> "8
[[2 2 0 4]
 [4 0 0 0]
 [0 0 0 0]
 [0 0 0 0]]" [label=n]
	"4
[[0 0 0 2]
 [0 0 0 0]
 [2 0 0 0]
 [4 0 0 2]]" -> "8
[[0 0 0 0]
 [0 0 2 0]
 [2 0 0 0]
 [4 0 0 4]]" [label=s]
	"4
[[0 0 0 2]
 [0 0 0 0]
 [2 0 0 0]
 [4 0 0 2]]" -> "4
[[0 0 0 2]
 [0 0 0 2]
 [0 0 0 2]
 [0 0 4 2]]" [label=e]
	"4
[[0 0 0 2]
 [0 0 0 0]
 [2 0 0 0]
 [4 0 0 2]]" -> "4
[[2 0 0 0]
 [0 2 0 0]
 [2 0 0 0]
 [4 2 0 0]]" [label=w]
	"4
[[0 0 0 0]
 [2 0 0 0]
 [0 0 0 2]
 [4 0 0 0]]" -> "4
[[0 0 0 2]
 [0 0 0 0]
 [2 0 0 0]
 [4 0 0 2]]" [label=s]
	"4
[[0 0 0 0]
 [2 0 0 2]
 [0 0 0 2]
 [0 0 0 4]]" -> "8
[[2 2 0 4]
 [0 0 0 4]
 [0 0 0 0]
 [0 0 0 0]]" [label=n]
	"4
[[0 0 0 0]
 [2 0 0 2]
 [0 0 0 2]
 [0 0 0 4]]" -> "8
[[0 0 0 0]
 [0 0 0 2]
 [0 0 0 4]
 [2 0 0 4]]" [label=s]
	"4
[[0 0 0 0]
 [2 0 0 2]
 [0 0 0 2]
 [0 0 0 4]]" -> "8
[[0 0 0 0]
 [0 0 0 4]
 [0 0 0 2]
 [0 0 2 4]]" [label=e]
	"4
[[0 0 0 0]
 [2 0 0 2]
 [0 0 0 2]
 [0 0 0 4]]" -> "8
[[0 0 0 0]
 [4 0 0 0]
 [2 2 0 0]
 [4 0 0 0]]" [label=w]
	"4
[[0 0 0 0]
 [2 0 0 0]
 [0 0 0 2]
 [4 0 0 0]]" -> "4
[[0 0 0 0]
 [2 0 0 2]
 [0 0 0 2]
 [0 0 0 4]]" [label=e]
	"4
[[0 0 0 0]
 [2 0 0 0]
 [2 0 0 0]
 [4 0 0 4]]" -> "8
[[4 0 0 4]
 [4 0 0 0]
 [0 0 0 0]
 [2 0 0 0]]" [label=n]
	"4
[[0 0 0 0]
 [2 0 0 0]
 [2 0 0 0]
 [4 0 0 4]]" -> "8
[[0 0 0 0]
 [0 0 0 0]
 [4 0 0 0]
 [4 2 0 4]]" [label=s]
	"4
[[0 0 0 0]
 [2 0 0 0]
 [2 0 0 0]
 [4 0 0 4]]" -> "12
[[0 0 0 0]
 [0 0 0 2]
 [0 0 0 2]
 [2 0 0 8]]" [label=e]
	"4
[[0 0 0 0]
 [2 0 0 0]
 [2 0 0 0]
 [4 0 0 4]]" -> "12
[[2 0 0 0]
 [2 0 0 0]
 [2 0 0 0]
 [8 0 0 0]]" [label=w]
	"4
[[0 0 0 0]
 [2 0 0 0]
 [0 0 0 2]
 [4 0 0 0]]" -> "4
[[0 0 0 0]
 [2 0 0 0]
 [2 0 0 0]
 [4 0 0 4]]" [label=w]
	"4
[[0 0 0 0]
 [2 0 0 0]
 [0 0 0 0]
 [0 0 4 0]]" -> "4
[[0 0 0 0]
 [2 0 0 0]
 [0 0 0 2]
 [4 0 0 0]]" [label=w]
	"0
[[0 0 2 0]
 [0 0 0 0]
 [0 0 0 0]
 [0 0 2 0]]" -> "4
[[0 0 0 0]
 [2 0 0 0]
 [0 0 0 0]
 [0 0 4 0]]" [label=s]
	"4
[[2 0 0 4]
 [0 0 0 2]
 [2 0 0 0]
 [0 0 0 0]]" -> "8
[[4 0 0 4]
 [0 0 0 2]
 [0 0 0 0]
 [2 0 0 0]]" [label=n]
	"4
[[2 0 0 4]
 [0 0 0 2]
 [2 0 0 0]
 [0 0 0 0]]" -> "8
[[0 0 0 0]
 [2 0 0 0]
 [0 0 0 4]
 [4 0 0 2]]" [label=s]
	"4
[[2 0 0 4]
 [0 0 0 2]
 [2 0 0 0]
 [0 0 0 0]]" -> "4
[[0 0 2 4]
 [0 0 0 2]
 [0 0 0 2]
 [2 0 0 0]]" [label=e]
	"4
[[2 0 0 4]
 [0 0 0 2]
 [2 0 0 0]
 [0 0 0 0]]" -> "4
[[2 4 0 0]
 [2 0 0 0]
 [2 0 0 0]
 [2 0 0 0]]" [label=w]
	"4
[[0 0 0 4]
 [2 0 0 2]
 [0 0 0 0]
 [0 0 0 0]]" -> "4
[[2 0 0 4]
 [0 0 0 2]
 [2 0 0 0]
 [0 0 0 0]]" [label=n]
	"4
[[0 0 0 0]
 [0 0 4 0]
 [0 0 0 4]
 [2 0 0 2]]" -> "4
[[2 0 4 4]
 [0 0 2 2]
 [0 0 0 0]
 [0 0 0 0]]" [label=n]
	"4
[[0 0 0 0]
 [0 0 4 0]
 [0 0 0 4]
 [2 0 0 2]]" -> "4
[[2 0 0 0]
 [0 0 0 0]
 [0 0 0 4]
 [2 0 4 2]]" [label=s]
	"4
[[0 0 0 0]
 [0 0 4 0]
 [0 0 0 4]
 [2 0 0 2]]" -> "8
[[0 0 0 0]
 [0 0 0 4]
 [0 0 0 4]
 [0 2 0 4]]" [label=e]
	"4
[[0 0 0 0]
 [0 0 4 0]
 [0 0 0 4]
 [2 0 0 2]]" -> "8
[[0 0 0 0]
 [4 0 0 0]
 [4 0 0 2]
 [4 0 0 0]]" [label=w]
	"4
[[0 0 0 4]
 [2 0 0 2]
 [0 0 0 0]
 [0 0 0 0]]" -> "4
[[0 0 0 0]
 [0 0 4 0]
 [0 0 0 4]
 [2 0 0 2]]" [label=s]
	"8
[[0 0 0 4]
 [0 0 0 4]
 [0 0 0 0]
 [0 2 0 0]]" -> "16
[[0 2 0 8]
 [0 0 0 0]
 [0 2 0 0]
 [0 0 0 0]]" [label=n]
	"8
[[0 0 0 4]
 [0 0 0 4]
 [0 0 0 0]
 [0 2 0 0]]" -> "16
[[0 0 2 0]
 [0 0 0 0]
 [0 0 0 0]
 [0 2 0 8]]" [label=s]
	"8
[[0 0 0 4]
 [0 0 0 4]
 [0 0 0 0]
 [0 2 0 0]]" -> "8
[[2 0 0 4]
 [0 0 0 4]
 [0 0 0 0]
 [0 0 0 2]]" [label=e]
	"8
[[0 0 0 4]
 [0 0 0 4]
 [0 0 0 0]
 [0 2 0 0]]" -> "8
[[4 0 2 0]
 [4 0 0 0]
 [0 0 0 0]
 [2 0 0 0]]" [label=w]
	"4
[[0 0 0 4]
 [2 0 0 2]
 [0 0 0 0]
 [0 0 0 0]]" -> "8
[[0 0 0 4]
 [0 0 0 4]
 [0 0 0 0]
 [0 2 0 0]]" [label=e]
	"8
[[4 0 0 2]
 [4 0 0 0]
 [0 0 0 0]
 [0 0 0 0]]" -> "16
[[8 0 0 2]
 [2 0 0 0]
 [0 0 0 0]
 [0 0 0 0]]" [label=n]
	"8
[[4 0 0 2]
 [4 0 0 0]
 [0 0 0 0]
 [0 0 0 0]]" -> "16
[[0 0 0 0]
 [2 0 0 0]
 [0 0 0 0]
 [8 0 0 2]]" [label=s]
	"8
[[4 0 0 2]
 [4 0 0 0]
 [0 0 0 0]
 [0 0 0 0]]" -> "8
[[0 0 4 2]
 [0 0 0 4]
 [2 0 0 0]
 [0 0 0 0]]" [label=e]
	"8
[[4 0 0 2]
 [4 0 0 0]
 [0 0 0 0]
 [0 0 0 0]]" -> "8
[[4 2 0 0]
 [4 0 0 0]
 [0 0 0 0]
 [0 0 2 0]]" [label=w]
	"4
[[0 0 0 4]
 [2 0 0 2]
 [0 0 0 0]
 [0 0 0 0]]" -> "8
[[4 0 0 2]
 [4 0 0 0]
 [0 0 0 0]
 [0 0 0 0]]" [label=w]
	"0
[[0 0 0 2]
 [0 0 0 2]
 [0 0 0 0]
 [0 0 0 2]]" -> "4
[[0 0 0 4]
 [2 0 0 2]
 [0 0 0 0]
 [0 0 0 0]]" [label=n]
	"8
[[0 0 2 4]
 [0 0 0 4]
 [0 0 0 0]
 [0 0 0 0]]" -> "16
[[2 0 2 8]
 [0 0 0 0]
 [0 0 0 0]
 [0 0 0 0]]" [label=n]
	"8
[[0 0 2 4]
 [0 0 0 4]
 [0 0 0 0]
 [0 0 0 0]]" -> "16
[[0 0 0 0]
 [0 0 0 0]
 [0 2 0 0]
 [0 0 2 8]]" [label=s]
	"8
[[0 0 2 4]
 [0 0 0 4]
 [0 0 0 0]
 [0 0 0 0]]" -> "8
[[2 4 0 0]
 [4 2 0 0]
 [0 0 0 0]
 [0 0 0 0]]" [label=w]
	"4
[[0 0 0 0]
 [0 0 0 2]
 [0 0 0 2]
 [0 0 0 4]]" -> "8
[[0 0 2 4]
 [0 0 0 4]
 [0 0 0 0]
 [0 0 0 0]]" [label=n]
	"8
[[0 0 0 0]
 [0 0 0 0]
 [0 2 0 4]
 [0 0 0 4]]" -> "16
[[0 2 0 8]
 [0 0 0 0]
 [0 0 0 2]
 [0 0 0 0]]" [label=n]
	"8
[[0 0 0 0]
 [0 0 0 0]
 [0 2 0 4]
 [0 0 0 4]]" -> "16
[[0 0 0 2]
 [0 0 0 0]
 [0 0 0 0]
 [0 2 0 8]]" [label=s]
	"8
[[0 0 0 0]
 [0 0 0 0]
 [0 2 0 4]
 [0 0 0 4]]" -> "8
[[0 0 0 2]
 [0 0 0 0]
 [0 0 2 4]
 [0 0 0 4]]" [label=e]
	"8
[[0 0 0 0]
 [0 0 0 0]
 [0 2 0 4]
 [0 0 0 4]]" -> "8
[[0 0 0 0]
 [0 0 0 0]
 [2 4 0 0]
 [4 0 2 0]]" [label=w]
	"4
[[0 0 0 0]
 [0 0 0 2]
 [0 0 0 2]
 [0 0 0 4]]" -> "8
[[0 0 0 0]
 [0 0 0 0]
 [0 2 0 4]
 [0 0 0 4]]" [label=s]
	"4
[[0 2 0 0]
 [2 0 0 0]
 [2 0 0 0]
 [4 0 0 0]]" -> "8
[[4 2 0 0]
 [4 2 0 0]
 [0 0 0 0]
 [0 0 0 0]]" [label=n]
	"4
[[0 2 0 0]
 [2 0 0 0]
 [2 0 0 0]
 [4 0 0 0]]" -> "8
[[0 0 0 0]
 [0 0 0 0]
 [4 2 0 0]
 [4 2 0 0]]" [label=s]
	"4
[[0 2 0 0]
 [2 0 0 0]
 [2 0 0 0]
 [4 0 0 0]]" -> "4
[[0 0 0 2]
 [0 0 0 2]
 [0 0 0 2]
 [2 0 0 4]]" [label=e]
	"4
[[0 2 0 0]
 [2 0 0 0]
 [2 0 0 0]
 [4 0 0 0]]" -> "4
[[2 0 0 0]
 [2 0 0 0]
 [2 0 2 0]
 [4 0 0 0]]" [label=w]
	"4
[[0 0 0 0]
 [0 0 0 2]
 [0 0 0 2]
 [0 0 0 4]]" -> "4
[[0 2 0 0]
 [2 0 0 0]
 [2 0 0 0]
 [4 0 0 0]]" [label=w]
	"0
[[0 0 0 2]
 [0 0 0 2]
 [0 0 0 0]
 [0 0 0 2]]" -> "4
[[0 0 0 0]
 [0 0 0 2]
 [0 0 0 2]
 [0 0 0 4]]" [label=s]
	"4
[[4 0 0 2]
 [2 0 0 0]
 [0 0 0 0]
 [0 2 0 0]]" -> "4
[[4 2 0 2]
 [2 0 0 0]
 [0 0 0 0]
 [0 2 0 0]]" [label=n]
	"4
[[4 0 0 2]
 [2 0 0 0]
 [0 0 0 0]
 [0 2 0 0]]" -> "4
[[0 0 0 0]
 [0 0 2 0]
 [4 0 0 0]
 [2 2 0 2]]" [label=s]
	"4
[[4 0 0 2]
 [2 0 0 0]
 [0 0 0 0]
 [0 2 0 0]]" -> "4
[[0 0 4 2]
 [0 0 0 2]
 [0 0 0 2]
 [0 0 0 2]]" [label=e]
	"4
[[4 0 0 2]
 [2 0 0 0]
 [0 0 0 0]
 [0 2 0 0]]" -> "4
[[4 2 0 0]
 [2 0 0 0]
 [2 0 0 0]
 [2 0 0 0]]" [label=w]
	"0
[[2 0 0 0]
 [2 0 0 0]
 [0 0 0 2]
 [2 0 0 0]]" -> "4
[[4 0 0 2]
 [2 0 0 0]
 [0 0 0 0]
 [0 2 0 0]]" [label=n]
	"4
[[0 0 0 0]
 [0 0 2 0]
 [2 0 0 0]
 [4 0 0 2]]" -> "4
[[2 0 2 2]
 [4 0 0 0]
 [0 0 0 0]
 [0 2 0 0]]" [label=n]
	"4
[[0 0 0 0]
 [0 0 2 0]
 [2 0 0 0]
 [4 0 0 2]]" -> "4
[[0 2 0 0]
 [0 0 0 0]
 [2 0 0 0]
 [4 0 2 2]]" [label=s]
	"4
[[0 0 0 0]
 [0 0 2 0]
 [2 0 0 0]
 [4 0 0 2]]" -> "4
[[0 2 0 0]
 [0 0 0 2]
 [0 0 0 2]
 [0 0 4 2]]" [label=e]
	"4
[[0 0 0 0]
 [0 0 2 0]
 [2 0 0 0]
 [4 0 0 2]]" -> "4
[[0 0 0 0]
 [2 0 0 0]
 [2 0 0 0]
 [4 2 2 0]]" [label=w]
	"0
[[2 0 0 0]
 [2 0 0 0]
 [0 0 0 2]
 [2 0 0 0]]" -> "4
[[0 0 0 0]
 [0 0 2 0]
 [2 0 0 0]
 [4 0 0 2]]" [label=s]
	"0
[[0 0 0 2]
 [0 0 0 2]
 [0 0 0 2]
 [4 0 0 2]]" -> "8
[[4 0 0 4]
 [0 0 0 4]
 [0 0 0 0]
 [0 2 0 0]]" [label=n]
	"0
[[0 0 0 2]
 [0 0 0 2]
 [0 0 0 2]
 [4 0 0 2]]" -> "8
[[2 0 0 0]
 [0 0 0 0]
 [0 0 0 4]
 [4 0 0 4]]" [label=s]
	"0
[[0 0 0 2]
 [0 0 0 2]
 [0 0 0 2]
 [4 0 0 2]]" -> "0
[[0 0 0 2]
 [0 0 0 2]
 [0 0 0 2]
 [0 2 4 2]]" [label=e]
	"0
[[0 0 0 2]
 [0 0 0 2]
 [0 0 0 2]
 [4 0 0 2]]" -> "0
[[2 0 0 0]
 [2 0 0 0]
 [2 0 0 0]
 [4 2 0 2]]" [label=w]
	"0
[[2 0 0 0]
 [2 0 0 0]
 [0 0 0 2]
 [2 0 0 0]]" -> "0
[[0 0 0 2]
 [0 0 0 2]
 [0 0 0 2]
 [4 0 0 2]]" [label=e]
	"0
[[2 0 0 0]
 [2 0 0 0]
 [2 2 0 0]
 [2 0 0 0]]" -> "8
[[4 2 0 0]
 [4 0 0 0]
 [0 0 0 0]
 [0 0 0 2]]" [label=n]
	"0
[[2 0 0 0]
 [2 0 0 0]
 [2 2 0 0]
 [2 0 0 0]]" -> "8
[[0 0 0 0]
 [0 0 2 0]
 [4 0 0 0]
 [4 2 0 0]]" [label=s]
	"0
[[2 0 0 0]
 [2 0 0 0]
 [2 2 0 0]
 [2 0 0 0]]" -> "4
[[0 0 2 2]
 [0 0 0 2]
 [0 0 0 4]
 [0 0 0 2]]" [label=e]
	"0
[[2 0 0 0]
 [2 0 0 0]
 [2 2 0 0]
 [2 0 0 0]]" -> "4
[[2 0 0 0]
 [2 0 0 2]
 [4 0 0 0]
 [2 0 0 0]]" [label=w]
	"0
[[2 0 0 0]
 [2 0 0 0]
 [0 0 0 2]
 [2 0 0 0]]" -> "0
[[2 0 0 0]
 [2 0 0 0]
 [2 2 0 0]
 [2 0 0 0]]" [label=w]
	"0
[[0 0 0 2]
 [0 0 0 2]
 [0 0 0 0]
 [0 0 0 2]]" -> "0
[[2 0 0 0]
 [2 0 0 0]
 [0 0 0 2]
 [2 0 0 0]]" [label=w]
	"0
[[0 0 2 0]
 [0 0 0 0]
 [0 0 0 0]
 [0 0 2 0]]" -> "0
[[0 0 0 2]
 [0 0 0 2]
 [0 0 0 0]
 [0 0 0 2]]" [label=e]
	"8
[[4 4 0 0]
 [0 0 0 0]
 [0 2 0 0]
 [0 0 0 0]]" -> "8
[[4 4 0 0]
 [0 2 0 0]
 [2 0 0 0]
 [0 0 0 0]]" [label=n]
	"8
[[4 4 0 0]
 [0 0 0 0]
 [0 2 0 0]
 [0 0 0 0]]" -> "8
[[2 0 0 0]
 [0 0 0 0]
 [0 4 0 0]
 [4 2 0 0]]" [label=s]
	"8
[[4 4 0 0]
 [0 0 0 0]
 [0 2 0 0]
 [0 0 0 0]]" -> "16
[[0 0 2 8]
 [0 0 0 0]
 [0 0 0 2]
 [0 0 0 0]]" [label=e]
	"8
[[4 4 0 0]
 [0 0 0 0]
 [0 2 0 0]
 [0 0 0 0]]" -> "16
[[8 0 0 0]
 [0 0 0 0]
 [2 0 0 0]
 [0 0 0 2]]" [label=w]
	"4
[[4 2 0 0]
 [0 0 0 0]
 [0 2 0 0]
 [0 0 0 0]]" -> "8
[[4 4 0 0]
 [0 0 0 0]
 [0 2 0 0]
 [0 0 0 0]]" [label=n]
	"8
[[0 0 0 0]
 [0 0 0 0]
 [0 0 0 4]
 [4 4 0 0]]" -> "8
[[4 4 0 4]
 [0 0 0 0]
 [0 0 0 2]
 [0 0 0 0]]" [label=n]
	"8
[[0 0 0 0]
 [0 0 0 0]
 [0 0 0 4]
 [4 4 0 0]]" -> "8
[[0 0 0 0]
 [0 0 0 4]
 [0 0 0 0]
 [4 4 0 4]]" [label=s]
	"8
[[0 0 0 0]
 [0 0 0 0]
 [0 0 0 4]
 [4 4 0 0]]" -> "16
[[0 0 2 0]
 [0 0 0 0]
 [0 0 0 4]
 [0 0 0 8]]" [label=e]
	"8
[[0 0 0 0]
 [0 0 0 0]
 [0 0 0 4]
 [4 4 0 0]]" -> "16
[[0 0 0 0]
 [0 0 0 0]
 [4 2 0 0]
 [8 0 0 0]]" [label=w]
	"4
[[4 2 0 0]
 [0 0 0 0]
 [0 2 0 0]
 [0 0 0 0]]" -> "8
[[0 0 0 0]
 [0 0 0 0]
 [0 0 0 4]
 [4 4 0 0]]" [label=s]
	"4
[[0 0 4 2]
 [0 0 0 0]
 [0 0 0 2]
 [2 0 0 0]]" -> "8
[[2 0 4 4]
 [0 0 0 0]
 [0 0 0 0]
 [0 2 0 0]]" [label=n]
	"4
[[0 0 4 2]
 [0 0 0 0]
 [0 0 0 2]
 [2 0 0 0]]" -> "8
[[0 0 2 0]
 [0 0 0 0]
 [0 0 0 0]
 [2 0 4 4]]" [label=s]
	"4
[[0 0 4 2]
 [0 0 0 0]
 [0 0 0 2]
 [2 0 0 0]]" -> "4
[[0 2 4 2]
 [0 0 0 0]
 [0 0 0 2]
 [0 0 0 2]]" [label=e]
	"4
[[0 0 4 2]
 [0 0 0 0]
 [0 0 0 2]
 [2 0 0 0]]" -> "4
[[4 2 0 0]
 [0 2 0 0]
 [2 0 0 0]
 [2 0 0 0]]" [label=w]
	"4
[[4 2 0 0]
 [0 0 0 0]
 [0 2 0 0]
 [0 0 0 0]]" -> "4
[[0 0 4 2]
 [0 0 0 0]
 [0 0 0 2]
 [2 0 0 0]]" [label=e]
	"4
[[4 2 0 0]
 [0 0 0 0]
 [2 0 0 0]
 [0 0 0 2]]" -> "4
[[4 2 0 2]
 [2 0 0 0]
 [0 0 0 0]
 [0 2 0 0]]" [label=n]
	"4
[[4 2 0 0]
 [0 0 0 0]
 [2 0 0 0]
 [0 0 0 2]]" -> "4
[[2 0 0 0]
 [0 0 0 0]
 [4 0 0 0]
 [2 2 0 2]]" [label=s]
	"4
[[4 2 0 0]
 [0 0 0 0]
 [2 0 0 0]
 [0 0 0 2]]" -> "4
[[0 0 4 2]
 [0 0 0 0]
 [0 2 0 2]
 [0 0 0 2]]" [label=e]
	"4
[[4 2 0 0]
 [0 0 0 0]
 [2 0 0 0]
 [0 0 0 2]]" -> "4
[[4 2 0 0]
 [0 0 0 0]
 [2 0 2 0]
 [2 0 0 0]]" [label=w]
	"4
[[4 2 0 0]
 [0 0 0 0]
 [0 2 0 0]
 [0 0 0 0]]" -> "4
[[4 2 0 0]
 [0 0 0 0]
 [2 0 0 0]
 [0 0 0 2]]" [label=w]
	"0
[[2 0 0 0]
 [0 2 0 0]
 [0 0 0 0]
 [2 0 0 0]]" -> "4
[[4 2 0 0]
 [0 0 0 0]
 [0 2 0 0]
 [0 0 0 0]]" [label=n]
	"4
[[4 2 0 2]
 [0 0 0 0]
 [0 0 0 0]
 [2 0 0 0]]" -> "4
[[4 2 0 2]
 [2 0 0 0]
 [0 0 0 0]
 [0 0 0 2]]" [label=n]
	"4
[[4 2 0 2]
 [0 0 0 0]
 [0 0 0 0]
 [2 0 0 0]]" -> "4
[[0 0 0 0]
 [2 0 0 0]
 [4 0 0 0]
 [2 2 0 2]]" [label=s]
	"4
[[4 2 0 2]
 [0 0 0 0]
 [0 0 0 0]
 [2 0 0 0]]" -> "8
[[0 2 4 4]
 [0 0 0 0]
 [0 0 0 0]
 [0 0 0 2]]" [label=e]
	"4
[[4 2 0 2]
 [0 0 0 0]
 [0 0 0 0]
 [2 0 0 0]]" -> "8
[[4 4 0 0]
 [0 0 0 0]
 [0 0 0 2]
 [2 0 0 0]]" [label=w]
	"4
[[0 0 0 0]
 [0 0 0 0]
 [0 0 0 2]
 [4 2 0 0]]" -> "4
[[4 2 0 2]
 [0 0 0 0]
 [0 0 0 0]
 [2 0 0 0]]" [label=n]
	"4
[[0 0 0 0]
 [0 0 0 2]
 [0 0 0 0]
 [4 2 0 2]]" -> "8
[[4 2 0 4]
 [0 0 0 0]
 [0 0 2 0]
 [0 0 0 0]]" [label=n]
	"4
[[0 0 0 0]
 [0 0 0 2]
 [0 0 0 0]
 [4 2 0 2]]" -> "8
[[0 0 0 0]
 [0 0 0 0]
 [2 0 0 0]
 [4 2 0 4]]" [label=s]
	"4
[[0 0 0 0]
 [0 0 0 2]
 [0 0 0 0]
 [4 2 0 2]]" -> "8
[[0 0 2 0]
 [0 0 0 2]
 [0 0 0 0]
 [0 0 4 4]]" [label=e]
	"4
[[0 0 0 0]
 [0 0 0 2]
 [0 0 0 0]
 [4 2 0 2]]" -> "8
[[0 0 0 0]
 [2 0 0 0]
 [0 0 2 0]
 [4 4 0 0]]" [label=w]
	"4
[[0 0 0 0]
 [0 0 0 0]
 [0 0 0 2]
 [4 2 0 0]]" -> "4
[[0 0 0 0]
 [0 0 0 2]
 [0 0 0 0]
 [4 2 0 2]]" [label=s]
	"4
[[0 0 0 0]
 [2 0 0 0]
 [0 0 0 2]
 [0 0 4 2]]" -> "8
[[2 2 4 4]
 [0 0 0 0]
 [0 0 0 0]
 [0 0 0 0]]" [label=n]
	"4
[[0 0 0 0]
 [2 0 0 0]
 [0 0 0 2]
 [0 0 4 2]]" -> "8
[[0 0 0 0]
 [0 2 0 0]
 [0 0 0 0]
 [2 0 4 4]]" [label=s]
	"4
[[0 0 0 0]
 [2 0 0 0]
 [0 0 0 2]
 [0 0 4 2]]" -> "4
[[0 0 0 2]
 [0 0 0 2]
 [0 0 0 2]
 [0 0 4 2]]" [label=e]
	"4
[[0 0 0 0]
 [2 0 0 0]
 [0 0 0 2]
 [0 0 4 2]]" -> "4
[[0 0 0 0]
 [2 0 0 0]
 [2 0 0 0]
 [4 2 0 2]]" [label=w]
	"4
[[0 0 0 0]
 [0 0 0 0]
 [0 0 0 2]
 [4 2 0 0]]" -> "4
[[0 0 0 0]
 [2 0 0 0]
 [0 0 0 2]
 [0 0 4 2]]" [label=e]
	"4
[[0 0 0 0]
 [0 0 0 0]
 [2 0 0 0]
 [4 2 0 2]]" -> "4
[[2 2 0 2]
 [4 0 0 0]
 [0 2 0 0]
 [0 0 0 0]]" [label=n]
	"4
[[0 0 0 0]
 [0 0 0 0]
 [2 0 0 0]
 [4 2 0 2]]" -> "8
[[0 0 0 0]
 [0 0 0 0]
 [0 0 2 2]
 [0 0 4 4]]" [label=e]
	"4
[[0 0 0 0]
 [0 0 0 0]
 [2 0 0 0]
 [4 2 0 2]]" -> "8
[[0 0 0 0]
 [0 0 0 0]
 [2 0 0 0]
 [4 4 2 0]]" [label=w]
	"4
[[0 0 0 0]
 [0 0 0 0]
 [0 0 0 2]
 [4 2 0 0]]" -> "4
[[0 0 0 0]
 [0 0 0 0]
 [2 0 0 0]
 [4 2 0 2]]" [label=w]
	"0
[[2 0 0 0]
 [0 2 0 0]
 [0 0 0 0]
 [2 0 0 0]]" -> "4
[[0 0 0 0]
 [0 0 0 0]
 [0 0 0 2]
 [4 2 0 0]]" [label=s]
	"4
[[2 0 0 4]
 [0 2 0 2]
 [0 0 0 0]
 [0 0 0 0]]" -> "4
[[2 2 0 4]
 [0 0 0 2]
 [0 0 0 0]
 [0 2 0 0]]" [label=n]
	"4
[[2 0 0 4]
 [0 2 0 2]
 [0 0 0 0]
 [0 0 0 0]]" -> "4
[[0 0 0 0]
 [0 0 0 0]
 [0 0 0 4]
 [2 2 4 2]]" [label=s]
	"4
[[2 0 0 4]
 [0 2 0 2]
 [0 0 0 0]
 [0 0 0 0]]" -> "8
[[2 0 2 4]
 [0 0 0 4]
 [0 0 0 0]
 [0 0 0 0]]" [label=e]
	"4
[[2 0 0 4]
 [0 2 0 2]
 [0 0 0 0]
 [0 0 0 0]]" -> "8
[[2 4 0 0]
 [4 0 0 0]
 [2 0 0 0]
 [0 0 0 0]]" [label=w]
	"0
[[0 0 0 2]
 [0 0 0 2]
 [0 0 0 0]
 [2 0 0 2]]" -> "4
[[2 0 0 4]
 [0 2 0 2]
 [0 0 0 0]
 [0 0 0 0]]" [label=n]
	"4
[[0 0 0 0]
 [0 0 0 0]
 [0 0 0 2]
 [2 0 4 4]]" -> "4
[[2 0 4 2]
 [0 0 0 4]
 [0 0 0 0]
 [0 2 0 0]]" [label=n]
	"4
[[0 0 0 0]
 [0 0 0 0]
 [0 0 0 2]
 [2 0 4 4]]" -> "12
[[0 0 0 0]
 [0 0 0 0]
 [0 0 0 2]
 [2 0 2 8]]" [label=e]
	"4
[[0 0 0 0]
 [0 0 0 0]
 [0 0 0 2]
 [2 0 4 4]]" -> "12
[[0 0 4 0]
 [0 0 0 0]
 [2 0 0 0]
 [2 8 0 0]]" [label=w]
	"0
[[0 0 0 2]
 [0 0 0 2]
 [0 0 0 0]
 [2 0 0 2]]" -> "4
[[0 0 0 0]
 [0 0 0 0]
 [0 0 0 2]
 [2 0 4 4]]" [label=s]
	"4
[[0 0 0 2]
 [0 0 0 2]
 [0 0 0 0]
 [0 0 2 4]]" -> "8
[[0 0 2 4]
 [0 0 0 4]
 [0 0 0 0]
 [0 0 2 0]]" [label=n]
	"4
[[0 0 0 2]
 [0 0 0 2]
 [0 0 0 0]
 [0 0 2 4]]" -> "8
[[0 0 0 0]
 [0 2 0 0]
 [0 0 0 4]
 [0 0 2 4]]" [label=s]
	"4
[[0 0 0 2]
 [0 0 0 2]
 [0 0 0 0]
 [0 0 2 4]]" -> "4
[[2 0 2 0]
 [2 0 0 0]
 [0 0 0 0]
 [2 4 0 0]]" [label=w]
	"0
[[0 0 0 2]
 [0 0 0 2]
 [0 0 0 0]
 [2 0 0 2]]" -> "4
[[0 0 0 2]
 [0 0 0 2]
 [0 0 0 0]
 [0 0 2 4]]" [label=e]
	"4
[[2 0 0 0]
 [2 4 0 0]
 [0 0 0 0]
 [4 0 0 0]]" -> "8
[[4 4 0 0]
 [4 0 0 0]
 [0 0 0 0]
 [2 0 0 0]]" [label=n]
	"4
[[2 0 0 0]
 [2 4 0 0]
 [0 0 0 0]
 [4 0 0 0]]" -> "8
[[0 0 0 0]
 [0 0 0 0]
 [4 0 0 2]
 [4 4 0 0]]" [label=s]
	"4
[[2 0 0 0]
 [2 4 0 0]
 [0 0 0 0]
 [4 0 0 0]]" -> "4
[[0 0 0 2]
 [0 0 2 4]
 [0 0 0 2]
 [0 0 0 4]]" [label=e]
	"0
[[0 0 0 2]
 [0 0 0 2]
 [0 0 0 0]
 [2 0 0 2]]" -> "4
[[2 0 0 0]
 [2 4 0 0]
 [0 0 0 0]
 [4 0 0 0]]" [label=w]
	"0
[[2 0 0 0]
 [0 2 0 0]
 [0 0 0 0]
 [2 0 0 0]]" -> "0
[[0 0 0 2]
 [0 0 0 2]
 [0 0 0 0]
 [2 0 0 2]]" [label=e]
	"4
[[4 0 0 2]
 [2 0 0 0]
 [0 0 0 2]
 [0 0 0 0]]" -> "8
[[4 0 0 4]
 [2 0 0 0]
 [0 0 0 0]
 [2 0 0 0]]" [label=n]
	"4
[[4 0 0 2]
 [2 0 0 0]
 [0 0 0 2]
 [0 0 0 0]]" -> "8
[[0 0 0 0]
 [0 0 0 0]
 [4 0 0 0]
 [2 2 0 4]]" [label=s]
	"4
[[4 0 0 2]
 [2 0 0 0]
 [0 0 0 2]
 [0 0 0 0]]" -> "4
[[0 0 4 2]
 [0 0 0 2]
 [0 0 0 2]
 [2 0 0 0]]" [label=e]
	"4
[[4 0 0 2]
 [2 0 0 0]
 [0 0 0 2]
 [0 0 0 0]]" -> "4
[[4 2 0 0]
 [2 0 0 0]
 [2 0 0 0]
 [0 0 0 2]]" [label=w]
	"0
[[2 0 0 0]
 [2 0 0 2]
 [0 0 0 0]
 [2 0 0 0]]" -> "4
[[4 0 0 2]
 [2 0 0 0]
 [0 0 0 2]
 [0 0 0 0]]" [label=n]
	"4
[[0 0 4 0]
 [0 0 0 0]
 [2 0 0 0]
 [4 0 0 2]]" -> "4
[[2 0 4 2]
 [4 2 0 0]
 [0 0 0 0]
 [0 0 0 0]]" [label=n]
	"4
[[0 0 4 0]
 [0 0 0 0]
 [2 0 0 0]
 [4 0 0 2]]" -> "4
[[0 2 0 0]
 [0 0 0 0]
 [2 0 0 0]
 [4 0 4 2]]" [label=s]
	"4
[[0 0 4 0]
 [0 0 0 0]
 [2 0 0 0]
 [4 0 0 2]]" -> "4
[[0 0 0 4]
 [0 0 0 0]
 [0 2 0 2]
 [0 0 4 2]]" [label=e]
	"4
[[0 0 4 0]
 [0 0 0 0]
 [2 0 0 0]
 [4 0 0 2]]" -> "4
[[4 0 0 0]
 [0 0 0 0]
 [2 0 2 0]
 [4 2 0 0]]" [label=w]
	"0
[[2 0 0 0]
 [2 0 0 2]
 [0 0 0 0]
 [2 0 0 0]]" -> "4
[[0 0 4 0]
 [0 0 0 0]
 [2 0 0 0]
 [4 0 0 2]]" [label=s]
	"4
[[0 0 0 2]
 [0 0 0 4]
 [0 0 0 0]
 [0 2 0 2]]" -> "4
[[0 2 0 2]
 [0 0 0 4]
 [0 0 0 2]
 [0 2 0 0]]" [label=n]
	"4
[[0 0 0 2]
 [0 0 0 4]
 [0 0 0 0]
 [0 2 0 2]]" -> "4
[[0 0 0 0]
 [0 0 0 2]
 [2 0 0 4]
 [0 2 0 2]]" [label=s]
	"4
[[0 0 0 2]
 [0 0 0 4]
 [0 0 0 0]
 [0 2 0 2]]" -> "8
[[0 0 0 2]
 [0 2 0 4]
 [0 0 0 0]
 [0 0 0 4]]" [label=e]
	"4
[[0 0 0 2]
 [0 0 0 4]
 [0 0 0 0]
 [0 2 0 2]]" -> "8
[[2 0 0 0]
 [4 0 0 0]
 [0 0 4 0]
 [4 0 0 0]]" [label=w]
	"0
[[2 0 0 0]
 [2 0 0 2]
 [0 0 0 0]
 [2 0 0 0]]" -> "4
[[0 0 0 2]
 [0 0 0 4]
 [0 0 0 0]
 [0 2 0 2]]" [label=e]
	"4
[[2 0 0 0]
 [4 0 0 0]
 [0 2 0 0]
 [2 0 0 0]]" -> "4
[[2 2 0 0]
 [4 0 0 0]
 [2 0 0 2]
 [0 0 0 0]]" [label=n]
	"4
[[2 0 0 0]
 [4 0 0 0]
 [0 2 0 0]
 [2 0 0 0]]" -> "4
[[0 0 0 0]
 [2 0 0 0]
 [4 0 0 0]
 [2 2 0 2]]" [label=s]
	"4
[[2 0 0 0]
 [4 0 0 0]
 [0 2 0 0]
 [2 0 0 0]]" -> "4
[[0 0 0 2]
 [0 0 0 4]
 [0 0 0 2]
 [2 0 0 2]]" [label=e]
	"4
[[2 0 0 0]
 [4 0 0 0]
 [0 2 0 0]
 [2 0 0 0]]" -> "4
[[2 0 0 0]
 [4 0 0 0]
 [2 2 0 0]
 [2 0 0 0]]" [label=w]
	"0
[[2 0 0 0]
 [2 0 0 2]
 [0 0 0 0]
 [2 0 0 0]]" -> "4
[[2 0 0 0]
 [4 0 0 0]
 [0 2 0 0]
 [2 0 0 0]]" [label=w]
	"0
[[2 0 0 0]
 [0 2 0 0]
 [0 0 0 0]
 [2 0 0 0]]" -> "0
[[2 0 0 0]
 [2 0 0 2]
 [0 0 0 0]
 [2 0 0 0]]" [label=w]
	"0
[[0 0 2 0]
 [0 0 0 0]
 [0 0 0 0]
 [0 0 2 0]]" -> "0
[[2 0 0 0]
 [0 2 0 0]
 [0 0 0 0]
 [2 0 0 0]]" [label=w]
}
