digraph {
	"[[0 2 0 0]
 [0 0 0 0]
 [0 0 0 0]
 [0 0 2 0]]" -> "[[0 2 2 0]
 [0 0 0 0]
 [0 0 2 0]
 [0 0 0 0]]" [label="0:n, 0"]
	"[[0 2 0 0]
 [0 0 0 0]
 [0 0 0 0]
 [0 0 2 0]]" -> "[[0 0 0 0]
 [0 0 0 2]
 [0 0 0 0]
 [0 2 2 0]]" [label="0:s, 0"]
	"[[0 2 0 0]
 [0 0 0 0]
 [0 0 0 0]
 [0 0 2 0]]" -> "[[2 0 0 0]
 [0 2 0 0]
 [0 0 0 0]
 [2 0 0 0]]" [label="0:w, 0"]
	"[[0 2 0 0]
 [0 0 0 0]
 [0 0 0 0]
 [0 0 2 0]]" -> "[[0 0 0 2]
 [0 0 0 0]
 [2 0 0 0]
 [0 0 0 2]]" [label="0:e, 0"]
	"[[0 0 0 2]
 [0 0 0 0]
 [2 0 0 0]
 [0 0 0 2]]" -> "[[2 0 0 4]
 [0 0 0 0]
 [0 0 0 0]
 [2 0 0 0]]" [label="1:n, 4"]
	"[[0 0 0 2]
 [0 0 0 0]
 [2 0 0 0]
 [0 0 0 2]]" -> "[[0 0 0 2]
 [0 0 0 0]
 [2 0 0 2]
 [0 0 0 2]]" [label="1:e, 0"]
	"[[0 0 0 2]
 [0 0 0 0]
 [2 0 0 0]
 [0 0 0 2]]" -> "[[2 0 0 0]
 [0 0 0 2]
 [2 0 0 0]
 [2 0 0 0]]" [label="1:w, 0"]
	"[[0 0 0 2]
 [0 0 0 0]
 [2 0 0 0]
 [0 0 0 2]]" -> "[[0 0 0 0]
 [2 0 0 0]
 [0 0 0 0]
 [2 0 0 4]]" [label="1:s, 4"]
	"[[0 0 0 0]
 [2 0 0 0]
 [0 0 0 0]
 [2 0 0 4]]" -> "[[4 0 0 4]
 [0 0 0 0]
 [0 0 0 0]
 [0 2 0 0]]" [label="2:n, 4"]
	"[[0 0 0 0]
 [2 0 0 0]
 [0 0 0 0]
 [2 0 0 4]]" -> "[[2 0 0 0]
 [0 0 0 0]
 [0 0 0 0]
 [4 0 0 4]]" [label="2:s, 4"]
	"[[0 0 0 0]
 [2 0 0 0]
 [0 0 0 0]
 [2 0 0 4]]" -> "[[0 2 0 0]
 [0 0 0 2]
 [0 0 0 0]
 [0 0 2 4]]" [label="2:e, 0"]
	"[[0 0 0 0]
 [2 0 0 0]
 [0 0 0 0]
 [2 0 0 4]]" -> "[[0 0 0 0]
 [2 0 0 0]
 [0 0 0 2]
 [2 4 0 0]]" [label="2:w, 0"]
	"[[0 0 0 0]
 [2 0 0 0]
 [0 0 0 2]
 [2 4 0 0]]" -> "[[4 4 0 2]
 [0 0 0 0]
 [0 0 0 0]
 [2 0 0 0]]" [label="3:n, 4"]
	"[[0 0 0 0]
 [2 0 0 0]
 [0 0 0 2]
 [2 4 0 0]]" -> "[[0 0 0 2]
 [0 0 0 2]
 [0 0 0 2]
 [0 0 2 4]]" [label="3:e, 0"]
	"[[0 0 0 0]
 [2 0 0 0]
 [0 0 0 2]
 [2 4 0 0]]" -> "[[0 0 0 0]
 [2 0 0 0]
 [2 0 0 2]
 [2 4 0 0]]" [label="3:w, 0"]
	"[[0 0 0 0]
 [2 0 0 0]
 [0 0 0 2]
 [2 4 0 0]]" -> "[[0 0 0 0]
 [0 0 0 0]
 [0 0 2 0]
 [4 4 0 2]]" [label="3:s, 4"]
	"[[0 0 0 0]
 [0 0 0 0]
 [0 0 2 0]
 [4 4 0 2]]" -> "[[0 0 0 0]
 [0 0 0 0]
 [0 0 4 0]
 [4 4 2 2]]" [label="4:s, 0"]
	"[[0 0 0 0]
 [0 0 0 0]
 [0 0 2 0]
 [4 4 0 2]]" -> "[[0 0 0 0]
 [0 0 0 2]
 [0 0 0 2]
 [0 0 8 2]]" [label="4:e, 8"]
	"[[0 0 0 0]
 [0 0 0 0]
 [0 0 2 0]
 [4 4 0 2]]" -> "[[0 0 0 0]
 [0 0 0 0]
 [2 0 4 0]
 [8 2 0 0]]" [label="4:w, 8"]
	"[[0 0 0 0]
 [0 0 0 0]
 [0 0 2 0]
 [4 4 0 2]]" -> "[[4 4 2 2]
 [0 0 0 0]
 [0 0 0 0]
 [2 0 0 0]]" [label="4:n, 0"]
}
